{"boost":false,"boost_left":46,"dodge_dir":[2.622808389214899e+30,1.510371052632775e-36],"dodge_timer":-1.0,"double_jumped":false,"handbrake":false,"jump":false,"jump_timer":-1.0,"jumped":false,"o":[-0.23160693049430847,0.9728068709373474,-0.0022427791263908148,-0.9727612137794495,-0.2316177934408188,-0.009419789537787437,-0.009683103300631046,-0.0,0.9999530911445618],"on_ground":true,"pitch":0.0,"roll":0.0,"steer":0.0,"supersonic":false,"throttle":0.0,"time":12122.931640625,"v":[0.0,0.008006909862160683,8.321000099182129],"w":[-0.0005099999834783375,0.00010999999358318746,0.0],"x":[12.319999694824219,15.029999732971191,17.010000228881836],"yaw":0.0}
{"boost":false,"boost_left":46,"dodge_dir":[2.622808389214899e+30,1.510371052632775e-36],"dodge_timer":-1.0,"double_jumped":false,"handbrake":false,"jump":false,"jump_timer":-1.0,"jumped":false,"o":[-0.23160693049430847,0.9728068709373474,-0.0022427791263908148,-0.9727612137794495,-0.2316177934408188,-0.009419789537787437,-0.009683103300631046,-0.0,0.9999530911445618],"on_ground":true,"pitch":0.0,"roll":0.0,"steer":0.0,"supersonic":false,"throttle":0.0,"time":12122.9404296875,"v":[0.0,0.002993433503434062,8.321000099182129],"w":[-0.0005099999834783375,0.00010999999358318746,0.0],"x":[12.319999694824219,15.029999732971191,17.010000228881836],"yaw":0.0}
{"boost":false,"boost_left":46,"dodge_dir":[2.622808389214899e+30,1.510371052632775e-36],"dodge_timer":-1.0,"double_jumped":false,"handbrake":false,"jump":false,"jump_timer":-1.0,"jumped":false,"o":[-0.23160693049430847,0.9728068709373474,-0.0022427791263908148,-0.9727612137794495,-0.2316177934408188,-0.009419789537787437,-0.009683103300631046,-0.0,0.9999530911445618],"on_ground":false,"pitch":0.0,"roll":0.0,"steer":0.0,"supersonic":false,"throttle":0.0,"time":12122.94921875,"v":[0.0,0.0,-2.2102200984954834],"w":[-0.0005099999834783375,0.00010999999358318746,0.0],"x":[0.0,0.0,999.98095703125],"yaw":0.0}
{"boost":false,"boost_left":46,"dodge_dir":[2.622808389214899e+30,1.510371052632775e-36],"dodge_timer":-1.0,"double_jumped":false,"handbrake":false,"jump":false,"jump_timer":-1.0,"jumped":false,"o":[-0.2314203381538391,0.9728492498397827,-0.0029871389269828796,-0.9728056192398071,-0.23143835365772247,-0.009242710657417774,-0.009683103300631046,0.0007669543847441673,0.9999527931213379],"on_ground":false,"pitch":0.0,"roll":0.0,"steer":0.0,"supersonic":false,"throttle":0.0,"time":12122.9580078125,"v":[0.0,0.0,-1.4728296995162964],"w":[-0.01724979467689991,-0.08549976348876953,0.01981828361749649],"x":[0.0,0.0,999.9863891601563],"yaw":0.0}
{"boost":false,"boost_left":46,"dodge_dir":[2.622808389214899e+30,1.510371052632775e-36],"dodge_timer":-1.0,"double_jumped":false,"handbrake":false,"jump":false,"jump_timer":-1.0,"jumped":false,"o":[-0.23067393898963928,0.9730108976364136,-0.006267212796956301,-0.9729819893836975,-0.23072221875190735,-0.008564124815165997,-0.009778971783816814,0.004122364800423384,0.9999436736106873],"on_ground":false,"pitch":0.0,"roll":0.0,"steer":0.0,"supersonic":false,"throttle":0.0,"time":12122.966796875,"v":[0.0,0.0,-1.4729983806610107],"w":[-0.07801670581102371,-0.3966485559940338,0.09265504777431488],"x":[0.0,0.0,999.9863891601563],"yaw":0.0}
{"boost":false,"boost_left":46,"dodge_dir":[2.622808389214899e+30,1.510371052632775e-36],"dodge_timer":-1.0,"double_jumped":false,"handbrake":false,"jump":false,"jump_timer":-1.0,"jumped":false,"o":[-0.2292737513780594,0.97328782081604,-0.0120130879804492,-0.9733099341392517,-0.22937166690826416,-0.007511771284043789,-0.010066578164696693,0.009970205835998058,0.9998996257781982],"on_ground":false,"pitch":0.0,"roll":0.0,"steer":0.0,"supersonic":false,"throttle":0.0,"time":12122.9755859375,"v":[0.0,0.0,-1.473164677619934],"w":[-0.13417765498161316,-0.6959536075592041,0.16561174392700195],"x":[0.0,0.0,999.9863891601563],"yaw":0.0}
{"boost":false,"boost_left":46,"dodge_dir":[2.622808389214899e+30,1.510371052632775e-36],"dodge_timer":-1.0,"double_jumped":false,"handbrake":false,"jump":false,"jump_timer":-1.0,"jumped":false,"o":[-0.22721925377845764,0.9736335277557373,-0.020227842032909393,-0.973786473274231,-0.2273818403482437,-0.006107511464506388,-0.010545922443270683,0.018309853971004486,0.9997767210006714],"on_ground":false,"pitch":0.0,"roll":0.0,"steer":0.0,"supersonic":false,"throttle":0.0,"time":12122.984375,"v":[0.0,0.0,-1.473331093788147],"w":[-0.17527399957180023,-0.9863467216491699,0.23887735605239868],"x":[0.0,0.0,999.9863891601563],"yaw":0.0}
{"boost":false,"boost_left":46,"dodge_dir":[2.622808389214899e+30,1.510371052632775e-36],"dodge_timer":-1.0,"double_jumped":false,"handbrake":false,"jump":false,"jump_timer":-1.0,"jumped":false,"o":[-0.22460219264030457,0.973961591720581,-0.030864989385008812,-0.9743837714195251,-0.22484494745731354,-0.004588371142745018,-0.011408734135329723,0.029043786227703094,0.9995129704475403],"on_ground":false,"pitch":0.0,"roll":0.0,"steer":0.0,"supersonic":false,"throttle":0.0,"time":12122.9931640625,"v":[0.0,0.0,-1.4734997749328613],"w":[-0.18764930963516235,-1.2714850902557373,0.3128519654273987],"x":[0.0,0.0,999.9863891601563],"yaw":0.0}
{"boost":false,"boost_left":46,"dodge_dir":[2.622808389214899e+30,1.510371052632775e-36],"dodge_timer":-1.0,"double_jumped":false,"handbrake":false,"jump":false,"jump_timer":-1.0,"jumped":false,"o":[-0.22132740914821625,0.9742205142974854,-0.04368673637509346,-0.9751148819923401,-0.22167617082595825,-0.003246110863983631,-0.01284673623740673,0.04188113659620285,0.9990399479866028],"on_ground":false,"pitch":0.0,"roll":0.0,"steer":0.0,"supersonic":false,"throttle":0.0,"time":12123.001953125,"v":[0.0,0.0,-1.4736660718917847],"w":[-0.17255105078220367,-1.5514137744903564,0.3880172669887543],"x":[0.0,0.0,999.9863891601563],"yaw":0.0}
{"boost":false,"boost_left":46,"dodge_dir":[2.622808389214899e+30,1.510371052632775e-36],"dodge_timer":-1.0,"double_jumped":false,"handbrake":false,"jump":false,"jump_timer":-1.0,"jumped":false,"o":[-0.21729864180088043,0.9743241667747498,-0.05893787369132042,-0.9759876132011414,-0.21781304478645325,-0.0023709191009402275,-0.015147481113672256,0.05700743570923805,0.9982588291168213],"on_ground":false,"pitch":0.0,"roll":0.0,"steer":0.0,"supersonic":false,"throttle":0.0,"time":12123.0107421875,"v":[0.0,0.0,-1.4738322496414185],"w":[-0.1346612125635147,-1.825361967086792,0.46474647521972656],"x":[0.0,0.0,999.9863891601563],"yaw":0.0}
{"boost":false,"boost_left":46,"dodge_dir":[2.622808389214899e+30,1.510371052632775e-36],"dodge_timer":-1.0,"double_jumped":false,"handbrake":false,"jump":false,"jump_timer":-1.0,"jumped":false,"o":[-0.2126070111989975,0.9741554856300354,-0.0762849971652031,-0.9769697785377502,-0.21336930990219116,-0.001891154795885086,-0.01811915636062622,0.07412607222795486,0.9970843195915222],"on_ground":false,"pitch":0.0,"roll":0.0,"steer":0.0,"supersonic":false,"throttle":0.0,"time":12123.01953125,"v":[0.0,0.0,-1.4739986658096313],"w":[-0.09171508997678757,-2.089718818664551,0.5426484942436218],"x":[0.0,0.0,999.9863891601563],"yaw":0.0}
{"boost":false,"boost_left":46,"dodge_dir":[2.622808389214899e+30,1.510371052632775e-36],"dodge_timer":-1.0,"double_jumped":false,"handbrake":false,"jump":false,"jump_timer":-1.0,"jumped":false,"o":[-0.20715567469596863,0.973612904548645,-0.09573102742433548,-0.9780638217926025,-0.2082962989807129,-0.0019690245389938354,-0.02185748517513275,0.09322314709424973,0.9954052567481995],"on_ground":false,"pitch":0.0,"roll":0.0,"steer":0.0,"supersonic":false,"throttle":0.0,"time":12123.0283203125,"v":[0.0,0.0,-1.4741673469543457],"w":[-0.04682331532239914,-2.344111442565918,0.6216778755187988],"x":[0.0,0.0,999.9863891601563],"yaw":0.0}
{"boost":false,"boost_left":46,"dodge_dir":[2.622808389214899e+30,1.510371052632775e-36],"dodge_timer":-1.0,"double_jumped":false,"handbrake":false,"jump":false,"jump_timer":-1.0,"jumped":false,"o":[-0.20084744691848755,0.9725940227508545,-0.11713707447052002,-0.979270339012146,-0.20254084467887878,-0.0026129670441150665,-0.026266399770975113,0.11418405920267105,0.993112325668335],"on_ground":false,"pitch":0.0,"roll":0.0,"steer":0.0,"supersonic":false,"throttle":0.0,"time":12123.037109375,"v":[0.0,0.0,-1.474333643913269],"w":[-0.00020774547010660172,-2.588984966278076,0.7019072771072388],"x":[0.0,0.0,999.9863891601563],"yaw":0.0}
{"boost":false,"boost_left":46,"dodge_dir":[2.622808389214899e+30,1.510371052632775e-36],"dodge_timer":-1.0,"double_jumped":false,"handbrake":false,"jump":false,"jump_timer":-1.0,"jumped":false,"o":[-0.19377310574054718,0.9709404706954956,-0.1404513269662857,-0.9805485010147095,-0.19624000787734985,-0.0037979688495397568,-0.031249769032001495,0.13698339462280273,0.9900802969932556],"on_ground":false,"pitch":0.0,"roll":0.0,"steer":0.0,"supersonic":false,"throttle":0.0,"time":12123.0458984375,"v":[0.0,0.0,-1.4744999408721924],"w":[0.047889769077301025,-2.824666976928711,0.7833639979362488],"x":[0.0,0.0,999.9863891601563],"yaw":0.0}
{"boost":false,"boost_left":46,"dodge_dir":[2.622808389214899e+30,1.510371052632775e-36],"dodge_timer":-1.0,"double_jumped":false,"handbrake":false,"jump":false,"jump_timer":-1.0,"jumped":false,"o":[-0.18583428859710693,0.9685333371162415,-0.16555607318878174,-0.9818878173828125,-0.18937627971172333,-0.005730975419282913,-0.036903031170368195,0.1614924818277359,0.9861837029457092],"on_ground":false,"pitch":0.0,"roll":0.0,"steer":0.0,"supersonic":false,"throttle":0.0,"time":12123.0546875,"v":[0.0,0.0,-1.4746687412261963],"w":[0.09729108959436417,-3.051530361175537,0.8661481738090515],"x":[0.0,0.0,999.9863891601563],"yaw":0.0}
{"boost":false,"boost_left":46,"dodge_dir":[2.622808389214899e+30,1.510371052632775e-36],"dodge_timer":-1.0,"double_jumped":false,"handbrake":false,"jump":false,"jump_timer":-1.0,"jumped":false,"o":[-0.1770288050174713,0.9652242660522461,-0.19236180186271667,-0.9832644462585449,-0.1819945126771927,-0.00831439346075058,-0.043034039437770844,0.18767061829566956,0.9812889099121094],"on_ground":false,"pitch":0.0,"roll":0.0,"steer":0.0,"supersonic":false,"throttle":0.0,"time":12123.0634765625,"v":[0.0,0.0,-1.4748350381851196],"w":[0.14773793518543243,-3.2698476314544678,0.9503323435783386],"x":[0.0,0.0,999.986328125],"yaw":0.0}
{"boost":false,"boost_left":46,"dodge_dir":[2.622808389214899e+30,1.510371052632775e-36],"dodge_timer":-1.0,"double_jumped":false,"handbrake":false,"jump":false,"jump_timer":-1.0,"jumped":false,"o":[-0.16716483235359192,0.9609285593032837,-0.22061799466609955,-0.9846784472465515,-0.17398613691329956,-0.011715482920408249,-0.04964221641421318,0.21527937054634094,0.9752899408340454],"on_ground":false,"pitch":0.0,"roll":0.0,"steer":0.0,"supersonic":false,"throttle":0.0,"time":12123.072265625,"v":[0.0,0.0,-1.4750012159347534],"w":[0.1990303248167038,-3.4798734188079834,1.035943865776062],"x":[0.0,0.0,999.986328125],"yaw":0.0}
{"boost":false,"boost_left":46,"dodge_dir":[2.622808389214899e+30,1.510371052632775e-36],"dodge_timer":-1.0,"double_jumped":false,"handbrake":false,"jump":false,"jump_timer":-1.0,"jumped":false,"o":[-0.15633384883403778,0.9554525017738342,-0.25034016370773315,-0.986073911190033,-0.16553618013858795,-0.015999186784029007,-0.05672682076692581,0.24435268342494965,0.9680257439613342],"on_ground":false,"pitch":0.0,"roll":0.0,"steer":0.0,"supersonic":false,"throttle":0.0,"time":12123.0810546875,"v":[0.0,0.0,-1.4751698970794678],"w":[0.2509409785270691,-3.681980609893799,1.1230554580688477],"x":[0.0,0.0,999.986328125],"yaw":0.0}
{"boost":false,"boost_left":46,"dodge_dir":[2.622808389214899e+30,1.510371052632775e-36],"dodge_timer":-1.0,"double_jumped":false,"handbrake":false,"jump":false,"jump_timer":-1.0,"jumped":false,"o":[-0.14434726536273956,0.9487283229827881,-0.2812087833881378,-0.9874552488327026,-0.15648628771305084,-0.021075166761875153,-0.06399992853403091,0.27463895082473755,0.9594151377677917],"on_ground":false,"pitch":0.0,"roll":0.0,"steer":0.0,"supersonic":false,"throttle":0.0,"time":12123.08984375,"v":[0.0,0.0,-1.4753363132476807],"w":[0.30319711565971375,-3.8764688968658447,1.211721658706665],"x":[0.0,0.0,999.986328125],"yaw":0.0}
{"boost":false,"boost_left":46,"dodge_dir":[2.622808389214899e+30,1.510371052632775e-36],"dodge_timer":-1.0,"double_jumped":false,"handbrake":false,"jump":false,"jump_timer":-1.0,"jumped":false,"o":[-0.1313915252685547,0.9405089020729065,-0.3133358657360077,-0.9887377023696899,-0.147175133228302,-0.027152229100465775,-0.07165215164422989,0.30623939633369446,0.9492541551589966],"on_ground":false,"pitch":0.0,"roll":0.0,"steer":0.0,"supersonic":false,"throttle":0.0,"time":12123.0986328125,"v":[0.0,0.0,-1.475502610206604],"w":[0.355571448802948,-4.063638687133789,1.3020880222320557],"x":[0.0,0.0,999.986328125],"yaw":0.0}
{"boost":false,"boost_left":46,"dodge_dir":[2.622808389214899e+30,1.510371052632775e-36],"dodge_timer":-1.0,"double_jumped":false,"handbrake":false,"jump":false,"jump_timer":-1.0,"jumped":false,"o":[-0.1171853244304657,0.930780291557312,-0.34628838300704956,-0.9899312257766724,-0.13735559582710266,-0.034198276698589325,-0.07939572632312775,0.33879414200782776,0.9375045895576477],"on_ground":false,"pitch":0.0,"roll":0.0,"steer":0.0,"supersonic":false,"throttle":0.0,"time":12123.107421875,"v":[0.0,0.0,-1.4756689071655273],"w":[0.40779125690460205,-4.243762493133545,1.39415442943573],"x":[0.0,0.0,999.986328125],"yaw":0.0}
{"boost":false,"boost_left":46,"dodge_dir":[2.622808389214899e+30,1.510371052632775e-36],"dodge_timer":-1.0,"double_jumped":false,"handbrake":false,"jump":false,"jump_timer":-1.0,"jumped":false,"o":[-0.10182474553585052,0.9193151593208313,-0.38012033700942993,-0.9909706115722656,-0.12724097073078156,-0.042274028062820435,-0.08723002672195435,0.3723835349082947,0.9239705204963684],"on_ground":false,"pitch":0.0,"roll":0.0,"steer":0.0,"supersonic":false,"throttle":0.0,"time":12123.1162109375,"v":[0.0,0.0,-1.4758375883102417],"w":[0.4596019685268402,-4.417068004608154,1.4879209995269775],"x":[0.0,0.0,999.986328125],"yaw":0.0}
{"boost":false,"boost_left":46,"dodge_dir":[2.622808389214899e+30,1.510371052632775e-36],"dodge_timer":-1.0,"double_jumped":false,"handbrake":false,"jump":false,"jump_timer":-1.0,"jumped":false,"o":[-0.08531366288661957,0.9060407280921936,-0.414501816034317,-0.9918091893196106,-0.11691759526729584,-0.051428575068712234,-0.09505894035100937,0.4067191481590271,0.9085941314697266],"on_ground":false,"pitch":0.0,"roll":0.0,"steer":0.0,"supersonic":false,"throttle":0.0,"time":12123.125,"v":[0.0,0.0,-1.476204752922058],"w":[0.5106871724128723,-4.583860397338867,1.5834184885025024],"x":[0.0,0.0,999.986328125],"yaw":0.0}
{"boost":false,"boost_left":46,"dodge_dir":[2.622808389214899e+30,1.510371052632775e-36],"dodge_timer":-1.0,"double_jumped":false,"handbrake":false,"jump":false,"jump_timer":-1.0,"jumped":false,"o":[-0.06746795028448105,0.8908526301383972,-0.4492545425891876,-0.9924225807189941,-0.1062667965888977,-0.06168293207883835,-0.10269124060869217,0.44168877601623535,0.8912719488143921],"on_ground":false,"pitch":0.0,"roll":0.0,"steer":0.0,"supersonic":false,"throttle":0.0,"time":12123.1337890625,"v":[0.0,0.0,-1.4763710498809814],"w":[0.560861349105835,-4.744400978088379,1.6807126998901367],"x":[0.0,0.0,999.986328125],"yaw":0.0}
{"boost":false,"boost_left":46,"dodge_dir":[2.622808389214899e+30,1.510371052632775e-36],"dodge_timer":-1.0,"double_jumped":false,"handbrake":false,"jump":false,"jump_timer":-1.0,"jumped":false,"o":[-0.04838845878839493,0.873562753200531,-0.48430028557777405,-0.9927389621734619,-0.09552158415317535,-0.07310956716537476,-0.11012692004442215,0.47724607586860657,0.8718419075012207],"on_ground":false,"pitch":0.0,"roll":0.0,"steer":0.0,"supersonic":false,"throttle":0.0,"time":12123.142578125,"v":[0.0,0.0,-1.4765397310256958],"w":[0.6097808480262756,-4.898923397064209,1.7798068523406982],"x":[0.0,0.0,999.986328125],"yaw":0.0}
{"boost":false,"boost_left":46,"dodge_dir":[2.622808389214899e+30,1.510371052632775e-36],"dodge_timer":-1.0,"double_jumped":false,"handbrake":false,"jump":false,"jump_timer":-1.0,"jumped":false,"o":[-0.028084544464945793,0.8541438579559326,-0.5192778706550598,-0.9927252531051636,-0.08467777073383331,-0.08559340238571167,-0.11708037555217743,0.5130964517593384,0.850308358669281],"on_ground":false,"pitch":0.0,"roll":0.0,"steer":0.0,"supersonic":false,"throttle":0.0,"time":12123.1513671875,"v":[0.0,0.0,-1.476906657218933],"w":[0.6532896757125854,-5.034549236297607,1.8745092153549194],"x":[0.0,0.0,999.986328125],"yaw":0.0}
{"boost":false,"boost_left":46,"dodge_dir":[2.622808389214899e+30,1.510371052632775e-36],"dodge_timer":-1.0,"double_jumped":false,"handbrake":false,"jump":false,"jump_timer":-1.0,"jumped":false,"o":[-0.006564590614289045,0.8325405716896057,-0.553925096988678,-0.9923163652420044,-0.07386526465415955,-0.09925834089517593,-0.12355242669582367,0.5490173101425171,0.826628565788269],"on_ground":false,"pitch":0.0,"roll":0.0,"steer":0.0,"supersonic":false,"throttle":0.0,"time":12123.16015625,"v":[0.0,0.0,-1.4770731925964355],"w":[0.6729705333709717,-5.10269021987915,1.9388067722320557],"x":[0.0,0.0,999.986328125],"yaw":0.0}
{"boost":false,"boost_left":46,"dodge_dir":[2.622808389214899e+30,1.510371052632775e-36],"dodge_timer":-1.0,"double_jumped":false,"handbrake":false,"jump":false,"jump_timer":-1.0,"jumped":false,"o":[0.015591536648571491,0.8089038729667664,-0.5877341628074646,-0.9915378093719482,-0.06325630098581314,-0.11336393654346466,-0.1288784146308899,0.5845282077789307,0.8010724782943726],"on_ground":false,"pitch":0.0,"roll":0.0,"steer":0.0,"supersonic":false,"throttle":0.0,"time":12123.1689453125,"v":[0.0,0.0,-1.4772393703460693],"w":[0.6533265709877014,-5.097801208496094,1.9582667350769043],"x":[0.0,0.0,999.986328125],"yaw":0.0}
{"boost":false,"boost_left":46,"dodge_dir":[2.622808389214899e+30,1.510371052632775e-36],"dodge_timer":-1.0,"double_jumped":false,"handbrake":false,"jump":false,"jump_timer":-1.0,"jumped":false,"o":[0.037905193865299225,0.7836980819702148,-0.6199842691421509,-0.9904083013534546,-0.053032517433166504,-0.12758886814117432,-0.13287048041820526,0.6188738942146301,0.7741708159446716],"on_ground":false,"pitch":0.0,"roll":0.0,"steer":0.0,"supersonic":false,"throttle":0.0,"time":12123.177734375,"v":[0.0,0.0,-1.4774080514907837],"w":[0.6099560856819153,-5.101567268371582,1.9623444080352783],"x":[0.0,0.0,999.986328125],"yaw":0.0}
{"boost":false,"boost_left":46,"dodge_dir":[2.622808389214899e+30,1.510371052632775e-36],"dodge_timer":-1.0,"double_jumped":false,"handbrake":false,"jump":false,"jump_timer":-1.0,"jumped":false,"o":[0.06028170883655548,0.756712794303894,-0.6509621739387512,-0.9889505505561829,-0.04320860281586647,-0.14180874824523926,-0.13543567061424255,0.6523179411888123,0.745746910572052],"on_ground":false,"pitch":0.0,"roll":0.0,"steer":0.0,"supersonic":false,"throttle":0.0,"time":12123.1865234375,"v":[0.0,0.0,-1.477574348449707],"w":[0.5510331988334656,-5.111605167388916,1.9535953998565674],"x":[0.0,0.0,999.986328125],"yaw":0.0}
{"boost":false,"boost_left":46,"dodge_dir":[2.622808389214899e+30,1.510371052632775e-36],"dodge_timer":-1.0,"double_jumped":false,"handbrake":false,"jump":false,"jump_timer":-1.0,"jumped":false,"o":[0.0825350359082222,0.7281306385993958,-0.6804510951042175,-0.9872117042541504,-0.03370552882552147,-0.15581071376800537,-0.13638551533222198,0.6846091747283936,0.7160372138023376],"on_ground":false,"pitch":0.0,"roll":0.0,"steer":0.0,"supersonic":false,"throttle":0.0,"time":12123.1953125,"v":[0.0,0.0,-1.47774076461792],"w":[0.48502999544143677,-5.124979019165039,1.9358832836151123],"x":[0.0,0.0,999.986328125],"yaw":0.0}
{"boost":false,"boost_left":46,"dodge_dir":[2.622808389214899e+30,1.510371052632775e-36],"dodge_timer":-1.0,"double_jumped":false,"handbrake":false,"jump":false,"jump_timer":-1.0,"jumped":false,"o":[0.10457383096218109,0.697907567024231,-0.7085120677947998,-0.9851996302604675,-0.024593256413936615,-0.16963708400726318,-0.13581562042236328,0.7157654762268066,0.6850064992904663],"on_ground":false,"pitch":0.0,"roll":0.0,"steer":0.0,"supersonic":false,"throttle":0.0,"time":12123.2041015625,"v":[0.0,0.0,-1.4779094457626343],"w":[0.41657325625419617,-5.1400980949401855,1.9116623401641846],"x":[0.0,0.0,999.986328125],"yaw":0.0}
{"boost":false,"boost_left":46,"dodge_dir":[2.622808389214899e+30,1.510371052632775e-36],"dodge_timer":-1.0,"double_jumped":false,"handbrake":false,"jump":false,"jump_timer":-1.0,"jumped":false,"o":[0.12630914151668549,0.666045606136322,-0.7351388931274414,-0.9829490780830383,-0.015795879065990448,-0.18319833278656006,-0.13363061845302582,0.7457437515258789,0.6526938080787659],"on_ground":false,"pitch":0.0,"roll":0.0,"steer":0.0,"supersonic":false,"throttle":0.0,"time":12123.212890625,"v":[0.0,0.0,-1.4780757427215576],"w":[0.348244309425354,-5.15590763092041,1.8824868202209473],"x":[0.0,0.0,999.986328125],"yaw":0.0}
{"boost":false,"boost_left":46,"dodge_dir":[2.622808389214899e+30,1.510371052632775e-36],"dodge_timer":-1.0,"double_jumped":false,"handbrake":false,"jump":false,"jump_timer":-1.0,"jumped":false,"o":[0.1475551277399063,0.6327784657478333,-0.760144054889679,-0.9804831147193909,-0.007374212145805359,-0.19646483659744263,-0.12992416322231293,0.774297833442688,0.6193404793739319],"on_ground":false,"pitch":0.0,"roll":0.0,"steer":0.0,"supersonic":false,"throttle":0.0,"time":12123.2216796875,"v":[0.0,0.0,-1.4782419204711914],"w":[0.2812159061431885,-5.172008037567139,1.8492023944854736],"x":[0.0,0.0,999.986328125],"yaw":0.0}
{"boost":false,"boost_left":46,"dodge_dir":[2.622808389214899e+30,1.510371052632775e-36],"dodge_timer":-1.0,"double_jumped":false,"handbrake":false,"jump":false,"jump_timer":-1.0,"jumped":false,"o":[0.16840696334838867,0.5979260802268982,-0.7836604118347168,-0.977786660194397,0.000685274600982666,-0.20960146188735962,-0.12478914111852646,0.8015509843826294,0.584759533405304],"on_ground":false,"pitch":0.0,"roll":0.0,"steer":0.0,"supersonic":false,"throttle":0.0,"time":12123.23046875,"v":[0.0,0.0,-1.4784108400344849],"w":[0.21631495654582977,-5.188108921051025,1.8123996257781982],"x":[0.0,0.0,999.986328125],"yaw":0.0}
{"boost":false,"boost_left":46,"dodge_dir":[2.622808389214899e+30,1.510371052632775e-36],"dodge_timer":-1.0,"double_jumped":false,"handbrake":false,"jump":false,"jump_timer":-1.0,"jumped":false,"o":[0.18849273025989532,0.561721682548523,-0.8055676817893982,-0.9749442934989929,0.008364908397197723,-0.22229188680648804,-0.11812767386436462,0.8272839784622192,0.5492240190505981],"on_ground":false,"pitch":0.0,"roll":0.0,"steer":0.0,"supersonic":false,"throttle":0.0,"time":12123.2392578125,"v":[0.0,0.0,-1.4785770177841187],"w":[0.15383277833461761,-5.204100131988525,1.7725425958633423],"x":[0.0,0.0,999.986328125],"yaw":0.0}
{"boost":false,"boost_left":46,"dodge_dir":[2.622808389214899e+30,1.510371052632775e-36],"dodge_timer":-1.0,"double_jumped":false,"handbrake":false,"jump":false,"jump_timer":-1.0,"jumped":false,"o":[0.20799747109413147,0.524133563041687,-0.8258456587791443,-0.9719208478927612,0.015770450234413147,-0.23477905988693237,-0.1100316271185875,0.8514900207519531,0.5126965641975403],"on_ground":false,"pitch":0.0,"roll":0.0,"steer":0.0,"supersonic":false,"throttle":0.0,"time":12123.248046875,"v":[0.0,0.0,-1.478743314743042],"w":[0.09440544247627258,-5.219691276550293,1.7303400039672852],"x":[0.0,0.0,999.986328125],"yaw":0.0}
{"boost":false,"boost_left":46,"dodge_dir":[2.622808389214899e+30,1.510371052632775e-36],"dodge_timer":-1.0,"double_jumped":false,"handbrake":false,"jump":false,"jump_timer":-1.0,"jumped":false,"o":[0.22663436830043793,0.4853159189224243,-0.8444556593894958,-0.9687614440917969,0.022692076861858368,-0.24695414304733276,-0.10068832337856293,0.8740443587303162,0.475298136472702],"on_ground":false,"pitch":0.0,"roll":0.0,"steer":0.0,"supersonic":false,"throttle":0.0,"time":12123.2568359375,"v":[0.0,0.0,-1.4789096117019653],"w":[0.0383094884455204,-5.234827518463135,1.6862107515335083],"x":[0.0,0.0,999.986328125],"yaw":0.0}
{"boost":false,"boost_left":46,"dodge_dir":[2.622808389214899e+30,1.510371052632775e-36],"dodge_timer":-1.0,"double_jumped":false,"handbrake":false,"jump":false,"jump_timer":-1.0,"jumped":false,"o":[0.24449411034584045,0.4453798532485962,-0.8613126277923584,-0.9654650092124939,0.02937016636133194,-0.2588719129562378,-0.08999942988157272,0.8948598504066467,0.4371795058250427],"on_ground":false,"pitch":0.0,"roll":0.0,"steer":0.0,"supersonic":false,"throttle":0.0,"time":12123.265625,"v":[0.0,0.0,-1.4790784120559692],"w":[-0.014204664155840874,-5.249391555786133,1.6407719850540161],"x":[0.0,0.0,999.986328125],"yaw":0.0}
{"boost":false,"boost_left":46,"dodge_dir":[2.622808389214899e+30,1.510371052632775e-36],"dodge_timer":-1.0,"double_jumped":false,"handbrake":false,"jump":false,"jump_timer":-1.0,"jumped":false,"o":[0.26138028502464294,0.40425974130630493,-0.8765012621879578,-0.9620667695999146,0.03558718413114548,-0.270483136177063,-0.07815323770046234,0.9139516949653625,0.39822667837142944],"on_ground":false,"pitch":0.0,"roll":0.0,"steer":0.0,"supersonic":false,"throttle":0.0,"time":12123.2744140625,"v":[0.0,0.0,-1.4792447090148926],"w":[-0.06326736509799957,-5.263400554656982,1.594061255455017],"x":[0.0,0.0,999.986328125],"yaw":0.0}
{"boost":false,"boost_left":46,"dodge_dir":[2.622808389214899e+30,1.510371052632775e-36],"dodge_timer":-1.0,"double_jumped":false,"handbrake":false,"jump":false,"jump_timer":-1.0,"jumped":false,"o":[0.27728477120399475,0.3621847629547119,-0.8899075388908386,-0.9585765600204468,0.04148193448781967,-0.28179842233657837,-0.0651480108499527,0.931182861328125,0.35868412256240845],"on_ground":false,"pitch":0.0,"roll":0.0,"steer":0.0,"supersonic":false,"throttle":0.0,"time":12123.283203125,"v":[0.0,0.0,-1.4794108867645264],"w":[-0.10850249975919724,-5.276682376861572,1.5470870733261108],"x":[0.0,0.0,999.986328125],"yaw":0.0}
{"boost":false,"boost_left":46,"dodge_dir":[2.622808389214899e+30,1.510371052632775e-36],"dodge_timer":-1.0,"double_jumped":false,"handbrake":false,"jump":false,"jump_timer":-1.0,"jumped":false,"o":[0.29210540652275085,0.3192281424999237,-0.9015364050865173,-0.9550262689590454,0.04711156710982323,-0.2927546799182892,-0.050982747226953506,0.946506142616272,0.3186328113079071],"on_ground":false,"pitch":0.0,"roll":0.0,"steer":0.0,"supersonic":false,"throttle":0.0,"time":12123.2919921875,"v":[0.0,0.0,-1.4795795679092407],"w":[-0.1498374044895172,-5.2891364097595215,1.500431776046753],"x":[0.0,0.0,999.986328125],"yaw":0.0}
{"boost":false,"boost_left":46,"dodge_dir":[2.622808389214899e+30,1.510371052632775e-36],"dodge_timer":-1.0,"double_jumped":false,"handbrake":false,"jump":false,"jump_timer":-1.0,"jumped":false,"o":[0.3059181272983551,0.27545496821403503,-0.9113389849662781,-0.9513790011405945,0.05230669304728508,-0.3035489320755005,-0.03594493120908737,0.9598898887634277,0.27806365489959717],"on_ground":false,"pitch":0.0,"roll":0.0,"steer":0.0,"supersonic":false,"throttle":0.0,"time":12123.30078125,"v":[0.0,0.0,-1.4797459840774536],"w":[-0.18729940056800842,-5.300663471221924,1.454867959022522],"x":[0.0,0.0,999.986328125],"yaw":0.0}
{"boost":false,"boost_left":46,"dodge_dir":[2.622808389214899e+30,1.510371052632775e-36],"dodge_timer":-1.0,"double_jumped":false,"handbrake":false,"jump":false,"jump_timer":-1.0,"jumped":false,"o":[0.3186202347278595,0.2310449779033661,-0.9192928671836853,-0.9476706981658936,0.057145483791828156,-0.3140934705734253,-0.020036282017827034,0.9712634086608887,0.237162247300148],"on_ground":false,"pitch":0.0,"roll":0.0,"steer":0.0,"supersonic":false,"throttle":0.0,"time":12123.3095703125,"v":[0.0,0.0,-1.479912281036377],"w":[-0.22090646624565125,-5.311135292053223,1.4113143682479858],"x":[0.0,0.0,999.986328125],"yaw":0.0}
{"boost":false,"boost_left":46,"dodge_dir":[2.622808389214899e+30,1.510371052632775e-36],"dodge_timer":-1.0,"double_jumped":false,"handbrake":false,"jump":false,"jump_timer":-1.0,"jumped":false,"o":[0.3302902281284332,0.1860848218202591,-0.9253544211387634,-0.9438738226890564,0.061730243265628815,-0.32448673248291016,-0.0032597032841295004,0.9805926084518433,0.19602948427200317],"on_ground":false,"pitch":0.0,"roll":0.0,"steer":0.0,"supersonic":false,"throttle":0.0,"time":12123.318359375,"v":[0.0,0.0,-1.4800785779953003],"w":[-0.25456154346466064,-5.31953239440918,1.3736237287521362],"x":[0.0,0.0,999.986328125],"yaw":0.0}
{"boost":false,"boost_left":46,"dodge_dir":[2.622808389214899e+30,1.510371052632775e-36],"dodge_timer":-1.0,"double_jumped":false,"handbrake":false,"jump":false,"jump_timer":-1.0,"jumped":false,"o":[0.3408239185810089,0.14097411930561066,-0.9294974207878113,-0.9400186538696289,0.06612403690814972,-0.33465296030044556,0.0142847103998065,0.9878025650978088,0.1550549417734146],"on_ground":false,"pitch":0.0,"roll":0.0,"steer":0.0,"supersonic":false,"throttle":0.0,"time":12123.3271484375,"v":[0.0,0.0,-1.4802472591400146],"w":[-0.3022453784942627,-5.322844982147217,1.3508573770523071],"x":[0.0,0.0,999.986328125],"yaw":0.0}
{"boost":false,"boost_left":46,"dodge_dir":[2.622808389214899e+30,1.510371052632775e-36],"dodge_timer":-1.0,"double_jumped":false,"handbrake":false,"jump":false,"jump_timer":-1.0,"jumped":false,"o":[0.35029858350753784,0.09607668966054916,-0.9316974878311157,-0.9360708594322205,0.07052302360534668,-0.3446705639362335,0.0325913168489933,0.9928724765777588,0.11463870108127594],"on_ground":false,"pitch":0.0,"roll":0.0,"steer":0.0,"supersonic":false,"throttle":0.0,"time":12123.3359375,"v":[0.0,0.0,-1.4804136753082275],"w":[-0.37318718433380127,-5.314934253692627,1.347181797027588],"x":[0.0,0.0,999.986328125],"yaw":0.0}
{"boost":false,"boost_left":46,"dodge_dir":[2.622808389214899e+30,1.510371052632775e-36],"dodge_timer":-1.0,"double_jumped":false,"handbrake":false,"jump":false,"jump_timer":-1.0,"jumped":false,"o":[0.35905373096466064,0.05157477408647537,-0.9318908452987671,-0.9318758845329285,0.07527430355548859,-0.35488197207450867,0.05184447392821312,0.9958282709121704,0.07508881390094757],"on_ground":false,"pitch":0.0,"roll":0.0,"steer":0.0,"supersonic":false,"throttle":0.0,"time":12123.3447265625,"v":[0.0,0.0,-1.4805798530578613],"w":[-0.46872007846832275,-5.274034023284912,1.356253743171692],"x":[0.0,0.0,999.986328125],"yaw":0.0}
{"boost":false,"boost_left":46,"dodge_dir":[2.622808389214899e+30,1.510371052632775e-36],"dodge_timer":-1.0,"double_jumped":false,"handbrake":false,"jump":false,"jump_timer":-1.0,"jumped":false,"o":[0.3668847382068634,0.007711909711360931,-0.930234432220459,-0.9274657964706421,0.0805668830871582,-0.3651248812675476,0.07213027775287628,0.9967194199562073,0.03671129047870636],"on_ground":false,"pitch":0.0,"roll":0.0,"steer":0.0,"supersonic":false,"throttle":0.0,"time":12123.353515625,"v":[0.0,0.0,-1.4807485342025757],"w":[-0.5879460573196411,-5.173842430114746,1.3607596158981323],"x":[0.0,0.0,999.986328125],"yaw":0.0}
{"boost":false,"boost_left":46,"dodge_dir":[2.622808389214899e+30,1.510371052632775e-36],"dodge_timer":-1.0,"double_jumped":false,"handbrake":false,"jump":false,"jump_timer":-1.0,"jumped":false,"o":[0.3738613426685333,-0.03492450714111328,-0.9268268346786499,-0.9227854609489441,0.08645806461572647,-0.3754890561103821,0.09324542433023453,0.995643138885498,9.550185495754704e-05],"on_ground":false,"pitch":0.0,"roll":0.0,"steer":0.0,"supersonic":false,"throttle":0.0,"time":12123.3623046875,"v":[0.0,0.0,-1.480914831161499],"w":[-0.7301418781280518,-5.020441055297852,1.3494657278060913],"x":[0.0,0.0,999.986328125],"yaw":0.0}
{"boost":false,"boost_left":46,"dodge_dir":[2.622808389214899e+30,1.510371052632775e-36],"dodge_timer":-1.0,"double_jumped":false,"handbrake":false,"jump":false,"jump_timer":-1.0,"jumped":false,"o":[0.3797847628593445,-0.07589492201805115,-0.9219563603401184,-0.9178769588470459,0.09316884726285934,-0.3857739269733429,0.11517588049173355,0.9927535057067871,-0.03427809104323387],"on_ground":false,"pitch":0.0,"roll":0.0,"steer":0.0,"supersonic":false,"throttle":0.0,"time":12123.37109375,"v":[0.0,0.0,-1.481081247329712],"w":[-0.8906155824661255,-4.826094150543213,1.315285086631775],"x":[0.0,0.0,999.986328125],"yaw":0.0}
{"boost":false,"boost_left":46,"dodge_dir":[2.622808389214899e+30,1.510371052632775e-36],"dodge_timer":-1.0,"double_jumped":false,"handbrake":false,"jump":false,"jump_timer":-1.0,"jumped":false,"o":[0.3844543993473053,-0.11489827930927277,-0.9159656763076782,-0.9127709865570068,0.10101360082626343,-0.39578455686569214,0.13799996674060822,0.9882280230522156,-0.06604068726301193],"on_ground":false,"pitch":0.0,"roll":0.0,"steer":0.0,"supersonic":false,"throttle":0.0,"time":12123.3798828125,"v":[0.0,0.0,-1.4812499284744263],"w":[-1.0642762184143066,-4.601991653442383,1.2548911571502686],"x":[0.0,0.0,999.986328125],"yaw":0.0}
{"boost":false,"boost_left":46,"dodge_dir":[2.622808389214899e+30,1.510371052632775e-36],"dodge_timer":-1.0,"double_jumped":false,"handbrake":false,"jump":false,"jump_timer":-1.0,"jumped":false,"o":[0.38795575499534607,-0.15170501172542572,-0.9091072082519531,-0.907433807849884,0.10987193882465363,-0.4055761992931366,0.16141332685947418,0.9823002219200134,-0.0950368121266365],"on_ground":false,"pitch":0.0,"roll":0.0,"steer":0.0,"supersonic":false,"throttle":0.0,"time":12123.388671875,"v":[0.0,0.0,-1.4814162254333496],"w":[-1.2426272630691528,-4.35551643371582,1.1670526266098022],"x":[0.0,0.0,999.986328125],"yaw":0.0}
{"boost":false,"boost_left":46,"dodge_dir":[2.622808389214899e+30,1.510371052632775e-36],"dodge_timer":-1.0,"double_jumped":false,"handbrake":false,"jump":false,"jump_timer":-1.0,"jumped":false,"o":[0.38993793725967407,-0.18602916598320007,-0.9018544554710388,-0.9020042419433594,0.11991739273071289,-0.41473856568336487,0.1853015124797821,0.9751988649368286,-0.1210387647151947],"on_ground":false,"pitch":0.0,"roll":0.0,"steer":0.0,"supersonic":false,"throttle":0.0,"time":12123.3974609375,"v":[0.0,0.0,-1.4815824031829834],"w":[-1.4081063270568848,-4.089025497436523,1.0546897649765015],"x":[0.0,0.0,999.9862670898438],"yaw":0.0}
{"boost":false,"boost_left":46,"dodge_dir":[2.622808389214899e+30,1.510371052632775e-36],"dodge_timer":-1.0,"double_jumped":false,"handbrake":false,"jump":false,"jump_timer":-1.0,"jumped":false,"o":[0.3906039595603943,-0.21780340373516083,-0.8944217562675476,-0.8964571356773376,0.13087594509124756,-0.4233628511428833,0.20926815271377563,0.9671779274940491,-0.14413075149059296],"on_ground":false,"pitch":0.0,"roll":0.0,"steer":0.0,"supersonic":false,"throttle":0.0,"time":12123.40625,"v":[0.0,0.0,-1.4817488193511963],"w":[-1.5485625267028809,-3.8063595294952393,0.9220758080482483],"x":[0.0,0.0,999.9862670898438],"yaw":0.0}
{"boost":false,"boost_left":46,"dodge_dir":[2.622808389214899e+30,1.510371052632775e-36],"dodge_timer":-1.0,"double_jumped":false,"handbrake":false,"jump":false,"jump_timer":-1.0,"jumped":false,"o":[0.3898962438106537,-0.2469206154346466,-0.8871364593505859,-0.8908651471138,0.1427314281463623,-0.4312620759010315,0.2331097424030304,0.9584664702415466,-0.16432252526283264],"on_ground":false,"pitch":0.0,"roll":0.0,"steer":0.0,"supersonic":false,"throttle":0.0,"time":12123.4150390625,"v":[0.0,0.0,-1.4819175004959106],"w":[-1.6631040573120117,-3.5133306980133057,0.7734109163284302],"x":[0.0,0.0,999.9862670898438],"yaw":0.0}
{"boost":false,"boost_left":46,"dodge_dir":[2.622808389214899e+30,1.510371052632775e-36],"dodge_timer":-1.0,"double_jumped":false,"handbrake":false,"jump":false,"jump_timer":-1.0,"jumped":false,"o":[0.3879490792751312,-0.2731839716434479,-0.8802647590637207,-0.885260283946991,0.1553824096918106,-0.43837255239486694,0.25653401017189026,0.949329674243927,-0.18155845999717712],"on_ground":false,"pitch":0.0,"roll":0.0,"steer":0.0,"supersonic":false,"throttle":0.0,"time":12123.423828125,"v":[0.0,0.0,-1.482083797454834],"w":[-1.7553908824920654,-3.2133748531341553,0.612977921962738],"x":[0.0,0.0,999.9862670898438],"yaw":0.0}
{"boost":false,"boost_left":46,"dodge_dir":[2.622808389214899e+30,1.510371052632775e-36],"dodge_timer":-1.0,"double_jumped":false,"handbrake":false,"jump":false,"jump_timer":-1.0,"jumped":false,"o":[0.3846431076526642,-0.2968161702156067,-0.874042272567749,-0.8797807693481445,0.16867463290691376,-0.4444487392902374,0.27934831380844116,0.9399197101593018,-0.19625364243984222],"on_ground":false,"pitch":0.0,"roll":0.0,"steer":0.0,"supersonic":false,"throttle":0.0,"time":12123.4326171875,"v":[0.0,0.0,-1.4822500944137573],"w":[-1.8278841972351074,-2.912327527999878,0.4448661804199219],"x":[0.0,0.0,999.9862670898438],"yaw":0.0}
{"boost":false,"boost_left":46,"dodge_dir":[2.622808389214899e+30,1.510371052632775e-36],"dodge_timer":-1.0,"double_jumped":false,"handbrake":false,"jump":false,"jump_timer":-1.0,"jumped":false,"o":[0.3803630769252777,-0.31749895215034485,-0.8686301112174988,-0.874326765537262,0.18269935250282288,-0.4496372640132904,0.3014575242996216,0.9304919838905334,-0.20810572803020477],"on_ground":false,"pitch":0.0,"roll":0.0,"steer":0.0,"supersonic":false,"throttle":0.0,"time":12123.44140625,"v":[0.0,0.0,-1.4824188947677612],"w":[-1.8859245777130127,-2.6111042499542236,0.2725416421890259],"x":[0.0,0.0,999.9862670898438],"yaw":0.0}
{"boost":false,"boost_left":46,"dodge_dir":[2.622808389214899e+30,1.510371052632775e-36],"dodge_timer":-1.0,"double_jumped":false,"handbrake":false,"jump":false,"jump_timer":-1.0,"jumped":false,"o":[0.37507176399230957,-0.33551135659217834,-0.8641489148139954,-0.868988037109375,0.19732758402824402,-0.45378586649894714,0.3227706849575043,0.9211373329162598,-0.2175433486700058],"on_ground":false,"pitch":0.0,"roll":0.0,"steer":0.0,"supersonic":false,"throttle":0.0,"time":12123.4501953125,"v":[0.0,0.0,-1.4825851917266846],"w":[-1.9320327043533325,-2.313508987426758,0.10039801895618439],"x":[0.0,0.0,999.9862670898438],"yaw":0.0}
{"boost":false,"boost_left":46,"dodge_dir":[2.622808389214899e+30,1.510371052632775e-36],"dodge_timer":-1.0,"double_jumped":false,"handbrake":false,"jump":false,"jump_timer":-1.0,"jumped":false,"o":[0.36906832456588745,-0.3507876694202423,-0.8606605529785156,-0.8637138605117798,0.21250486373901367,-0.4569902718067169,0.34320110082626343,0.9120250940322876,-0.22455137968063354],"on_ground":false,"pitch":0.0,"roll":0.0,"steer":0.0,"supersonic":false,"throttle":0.0,"time":12123.458984375,"v":[0.0,0.0,-1.482751488685608],"w":[-1.9687663316726685,-2.024244785308838,-0.06300809979438782],"x":[0.0,0.0,999.9862670898438],"yaw":0.0}
{"boost":false,"boost_left":46,"dodge_dir":[2.622808389214899e+30,1.510371052632775e-36],"dodge_timer":-1.0,"double_jumped":false,"handbrake":false,"jump":false,"jump_timer":-1.0,"jumped":false,"o":[0.3624418377876282,-0.36382997035980225,-0.8580580949783325,-0.8584372401237488,0.22819584608078003,-0.45936059951782227,0.362934410572052,0.9030805230140686,-0.22961746156215668],"on_ground":false,"pitch":0.0,"roll":0.0,"steer":0.0,"supersonic":false,"throttle":0.0,"time":12123.4677734375,"v":[0.0,0.0,-1.4829176664352417],"w":[-1.99528968334198,-1.7580209970474243,-0.19970574975013733],"x":[0.0,0.0,999.9862670898438],"yaw":0.0}
{"boost":false,"boost_left":46,"dodge_dir":[2.622808389214899e+30,1.510371052632775e-36],"dodge_timer":-1.0,"double_jumped":false,"handbrake":false,"jump":false,"jump_timer":-1.0,"jumped":false,"o":[0.35549384355545044,-0.3746352791786194,-0.8563132882118225,-0.8531440496444702,0.24417376518249512,-0.4610036313533783,0.3817974925041199,0.894442617893219,-0.23281560838222504],"on_ground":false,"pitch":0.0,"roll":0.0,"steer":0.0,"supersonic":false,"throttle":0.0,"time":12123.4765625,"v":[0.0,0.0,-1.4830865859985352],"w":[-2.0103256702423096,-1.523573875427246,-0.3044496178627014],"x":[0.0,0.0,999.9862670898438],"yaw":0.0}
