{"boost":false,"boost_left":46,"dodge_dir":[0.0,0.0],"dodge_timer":-1.0,"double_jumped":false,"handbrake":false,"jump":false,"jump_timer":-1.0,"jumped":false,"o":[-0.5797722339630127,-0.8147596716880798,-0.0055586667731404305,0.8147222399711609,-0.5797988772392273,0.007811290677636862,-0.009587232954800129,-0.0,0.9999540448188782],"on_ground":true,"pitch":0.0,"roll":0.0,"steer":0.0,"supersonic":false,"throttle":0.0,"time":12560.83984375,"v":[0.0,0.010999999940395355,8.321000099182129],"w":[-0.0004099999787285924,-0.00030999997397884727,0.0],"x":[137.739990234375,-204.33999633789063,17.010000228881836],"yaw":0.0}
{"boost":false,"boost_left":46,"dodge_dir":[0.0,0.0],"dodge_timer":-1.0,"double_jumped":false,"handbrake":false,"jump":false,"jump_timer":-1.0,"jumped":false,"o":[-0.5797722339630127,-0.8147596716880798,-0.0055586667731404305,0.8147222399711609,-0.5797988772392273,0.007811290677636862,-0.009587232954800129,-0.0,0.9999540448188782],"on_ground":true,"pitch":0.0,"roll":0.0,"steer":0.0,"supersonic":false,"throttle":0.0,"time":12560.8486328125,"v":[0.0,0.010999999940395355,8.321000099182129],"w":[-0.0004099999787285924,-0.00030999997397884727,0.0],"x":[137.739990234375,-204.33999633789063,17.010000228881836],"yaw":0.0}
{"boost":false,"boost_left":46,"dodge_dir":[0.0,0.0],"dodge_timer":-1.0,"double_jumped":false,"handbrake":false,"jump":false,"jump_timer":-1.0,"jumped":false,"o":[-0.5797722339630127,-0.8147596716880798,-0.0055586667731404305,0.8147222399711609,-0.5797988772392273,0.007811290677636862,-0.009587232954800129,-0.0,0.9999540448188782],"on_ground":false,"pitch":0.0,"roll":0.0,"steer":0.0,"supersonic":false,"throttle":0.0,"time":12560.857421875,"v":[0.0,0.0,-3.6020710468292236],"w":[-0.0004099999787285924,-0.00030999997397884727,0.0],"x":[0.0,0.0,999.9689331054688],"yaw":0.0}
{"boost":false,"boost_left":46,"dodge_dir":[0.0,0.0],"dodge_timer":-1.0,"double_jumped":false,"handbrake":false,"jump":false,"jump_timer":-1.0,"jumped":false,"o":[-0.5795357823371887,-0.8149210214614868,-0.006481839343905449,0.8148857951164246,-0.5795714259147644,0.007625306490808725,-0.0099707106128335,-0.000862821179907769,0.9999499320983887],"on_ground":false,"pitch":0.0,"roll":0.0,"steer":0.0,"supersonic":false,"throttle":0.0,"time":12560.8662109375,"v":[0.0,0.0,-2.4002161026000977],"w":[0.019160788506269455,-0.10730170458555222,-0.03269634395837784],"x":[0.0,0.0,999.977783203125],"yaw":0.0}
{"boost":false,"boost_left":46,"dodge_dir":[0.0,0.0],"dodge_timer":-1.0,"double_jumped":false,"handbrake":false,"jump":false,"jump_timer":-1.0,"jumped":false,"o":[-0.5788247585296631,-0.8153988122940063,-0.009307448752224445,0.8153748512268066,-0.5788893103599548,0.007148669101297855,-0.011216999031603336,-0.0034512330312281847,0.9999311566352844],"on_ground":false,"pitch":0.0,"roll":0.0,"steer":0.0,"supersonic":false,"throttle":0.0,"time":12560.875,"v":[0.0,0.0,-7.810938835144043],"w":[0.061010852456092834,-0.3453151285648346,-0.10644853115081787],"x":[0.0,0.0,999.9100341796875],"yaw":0.0}
{"boost":false,"boost_left":46,"dodge_dir":[0.0,0.0],"dodge_timer":-1.0,"double_jumped":false,"handbrake":false,"jump":false,"jump_timer":-1.0,"jumped":false,"o":[-0.5775583386421204,-0.8162286877632141,-0.014036272652447224,0.8162406086921692,-0.5776767134666443,0.0063923681154847145,-0.013326062820851803,-0.0077650099992752075,0.9998810291290283],"on_ground":false,"pitch":0.0,"roll":0.0,"steer":0.0,"supersonic":false,"throttle":0.0,"time":12560.8837890625,"v":[0.0,0.0,-2.4005513191223145],"w":[0.09459962695837021,-0.5716917514801025,-0.18038392066955566],"x":[0.0,0.0,999.977783203125],"yaw":0.0}
{"boost":false,"boost_left":46,"dodge_dir":[0.0,0.0],"dodge_timer":-1.0,"double_jumped":false,"handbrake":false,"jump":false,"jump_timer":-1.0,"jumped":false,"o":[-0.5757316946983337,-0.8173813223838806,-0.02051387168467045,0.817476212978363,-0.5759361982345581,0.005484762601554394,-0.016297824680805206,-0.013611851260066032,0.9997745156288147],"on_ground":false,"pitch":0.0,"roll":0.0,"steer":0.0,"supersonic":false,"throttle":0.0,"time":12560.892578125,"v":[0.0,0.0,-2.4007174968719482],"w":[0.1111072227358818,-0.7738571763038635,-0.25475242733955383],"x":[0.0,0.0,999.977783203125],"yaw":0.0}
{"boost":false,"boost_left":46,"dodge_dir":[0.0,0.0],"dodge_timer":-1.0,"double_jumped":false,"handbrake":false,"jump":false,"jump_timer":-1.0,"jumped":false,"o":[-0.5733391046524048,-0.8188267350196838,-0.02837308868765831,0.8190731406211853,-0.5736706852912903,0.004591289907693863,-0.020036282017827034,-0.020607270300388336,0.9995868802070618],"on_ground":false,"pitch":0.0,"roll":0.0,"steer":0.0,"supersonic":false,"throttle":0.0,"time":12560.9013671875,"v":[0.0,0.0,-2.400883674621582],"w":[0.10614383965730667,-0.9453722238540649,-0.32980969548225403],"x":[0.0,0.0,999.977783203125],"yaw":0.0}
{"boost":false,"boost_left":46,"dodge_dir":[0.0,0.0],"dodge_timer":-1.0,"double_jumped":false,"handbrake":false,"jump":false,"jump_timer":-1.0,"jumped":false,"o":[-0.570370078086853,-0.8205354809761047,-0.03740885481238365,0.8210153579711914,-0.570891261100769,0.0041150301694869995,-0.024732917547225952,-0.028366155922412872,0.9992915987968445],"on_ground":false,"pitch":0.0,"roll":0.0,"steer":0.0,"supersonic":false,"throttle":0.0,"time":12560.91015625,"v":[0.0,0.0,-2.401050090789795],"w":[0.08232300728559494,-1.089673638343811,-0.4057557284832001],"x":[0.0,0.0,999.977783203125],"yaw":0.0}
{"boost":false,"boost_left":46,"dodge_dir":[0.0,0.0],"dodge_timer":-1.0,"double_jumped":false,"handbrake":false,"jump":false,"jump_timer":-1.0,"jumped":false,"o":[-0.5667391419410706,-0.822529673576355,-0.047452639788389206,0.823347270488739,-0.567524790763855,0.003853084519505501,-0.03009982593357563,-0.0368863083422184,0.9988660216331482],"on_ground":false,"pitch":0.0,"roll":0.0,"steer":0.0,"supersonic":false,"throttle":0.0,"time":12560.9189453125,"v":[0.0,0.0,-2.401218891143799],"w":[0.04250860959291458,-1.210524320602417,-0.4827018678188324],"x":[0.0,0.0,999.977783203125],"yaw":0.0}
{"boost":false,"boost_left":46,"dodge_dir":[0.0,0.0],"dodge_timer":-1.0,"double_jumped":false,"handbrake":false,"jump":false,"jump_timer":-1.0,"jumped":false,"o":[-0.5625089406967163,-0.8247243165969849,-0.05842497572302818,0.8259884715080261,-0.5636711120605469,0.0042335521429777145,-0.03642398491501808,-0.04587694630026817,0.9982828497886658],"on_ground":false,"pitch":0.0,"roll":0.0,"steer":0.0,"supersonic":false,"throttle":0.0,"time":12560.927734375,"v":[0.0,0.0,-2.4013850688934326],"w":[-0.009439095854759216,-1.313071846961975,-0.5607368350028992],"x":[0.0,0.0,999.977783203125],"yaw":0.0}
{"boost":false,"boost_left":46,"dodge_dir":[0.0,0.0],"dodge_timer":-1.0,"double_jumped":false,"handbrake":false,"jump":false,"jump_timer":-1.0,"jumped":false,"o":[-0.5576716065406799,-0.8271052241325378,-0.06999436020851135,0.8289254307746887,-0.5593354105949402,0.005158780142664909,-0.043417178094387054,-0.05514319986104965,0.9975340366363525],"on_ground":false,"pitch":0.0,"roll":0.0,"steer":0.0,"supersonic":false,"throttle":0.0,"time":12560.9365234375,"v":[0.0,0.0,-2.4015512466430664],"w":[-0.07082509249448776,-1.4009487628936768,-0.6399718523025513],"x":[0.0,0.0,999.977783203125],"yaw":0.0}
{"boost":false,"boost_left":46,"dodge_dir":[0.0,0.0],"dodge_timer":-1.0,"double_jumped":false,"handbrake":false,"jump":false,"jump_timer":-1.0,"jumped":false,"o":[-0.5521325469017029,-0.8296865224838257,-0.08227958530187607,0.832184374332428,-0.5544586181640625,0.00669364258646965,-0.05117424577474594,-0.06477600336074829,0.9965867400169373],"on_ground":false,"pitch":0.0,"roll":0.0,"steer":0.0,"supersonic":false,"throttle":0.0,"time":12560.9453125,"v":[0.0,0.0,-2.4017202854156494],"w":[-0.13895714282989502,-1.4778902530670166,-0.7204069495201111],"x":[0.0,0.0,999.977783203125],"yaw":0.0}
{"boost":false,"boost_left":46,"dodge_dir":[0.0,0.0],"dodge_timer":-1.0,"double_jumped":false,"handbrake":false,"jump":false,"jump_timer":-1.0,"jumped":false,"o":[-0.5457926392555237,-0.83250892162323,-0.09507495909929276,0.8357844948768616,-0.5489819645881653,0.009123191237449646,-0.059789568185806274,-0.07448279857635498,0.9954283237457275],"on_ground":false,"pitch":0.0,"roll":0.0,"steer":0.0,"supersonic":false,"throttle":0.0,"time":12560.9541015625,"v":[0.0,0.0,-2.401886463165283],"w":[-0.21261194348335266,-1.545364260673523,-0.8021308779716492],"x":[0.0,0.0,999.977783203125],"yaw":0.0}
{"boost":false,"boost_left":46,"dodge_dir":[0.0,0.0],"dodge_timer":-1.0,"double_jumped":false,"handbrake":false,"jump":false,"jump_timer":-1.0,"jumped":false,"o":[-0.538800835609436,-0.8354489207267761,-0.10825282335281372,0.8395968675613403,-0.5430704951286316,0.01230601966381073,-0.06906997412443161,-0.08425825089216232,0.994047224521637],"on_ground":false,"pitch":0.0,"roll":0.0,"steer":0.0,"supersonic":false,"throttle":0.0,"time":12560.962890625,"v":[0.0,0.0,-2.402052640914917],"w":[-0.290768027305603,-1.6046475172042847,-0.8852549195289612],"x":[0.0,0.0,999.977783203125],"yaw":0.0}
{"boost":false,"boost_left":46,"dodge_dir":[0.0,0.0],"dodge_timer":-1.0,"double_jumped":false,"handbrake":false,"jump":false,"jump_timer":-1.0,"jumped":false,"o":[-0.5309004187583923,-0.8386262059211731,-0.1218637004494667,0.8437426090240479,-0.5365017056465149,0.016256768256425858,-0.07901343703269958,-0.09419087320566177,0.9924136996269226],"on_ground":false,"pitch":0.0,"roll":0.0,"steer":0.0,"supersonic":false,"throttle":0.0,"time":12560.9716796875,"v":[0.0,0.0,-2.40221905708313],"w":[-0.3717139959335327,-1.658107042312622,-0.9697346091270447],"x":[0.0,0.0,999.977783203125],"yaw":0.0}
{"boost":false,"boost_left":46,"dodge_dir":[0.0,0.0],"dodge_timer":-1.0,"double_jumped":false,"handbrake":false,"jump":false,"jump_timer":-1.0,"jumped":false,"o":[-0.5223118662834167,-0.8418639302253723,-0.1358506828546524,0.8480223417282104,-0.5295397639274597,0.021113432943820953,-0.0897129699587822,-0.10417661815881729,0.9905043244361877],"on_ground":false,"pitch":0.0,"roll":0.0,"steer":0.0,"supersonic":false,"throttle":0.0,"time":12560.98046875,"v":[0.0,0.0,-2.402387857437134],"w":[-0.4545157253742218,-1.7070550918579102,-1.0555588006973267],"x":[0.0,0.0,999.977783203125],"yaw":0.0}
{"boost":false,"boost_left":46,"dodge_dir":[0.0,0.0],"dodge_timer":-1.0,"double_jumped":false,"handbrake":false,"jump":false,"jump_timer":-1.0,"jumped":false,"o":[-0.5127785801887512,-0.8453083038330078,-0.15004003047943115,0.8525508642196655,-0.5219504833221436,0.026920821517705917,-0.1010698601603508,-0.11411233991384506,0.9883133172988892],"on_ground":false,"pitch":0.0,"roll":0.0,"steer":0.0,"supersonic":false,"throttle":0.0,"time":12560.9892578125,"v":[0.0,0.0,-2.4025540351867676],"w":[-0.5389842987060547,-1.7516473531723022,-1.1427831649780273],"x":[0.0,0.0,999.977783203125],"yaw":0.0}
{"boost":false,"boost_left":46,"dodge_dir":[0.0,0.0],"dodge_timer":-1.0,"double_jumped":false,"handbrake":false,"jump":false,"jump_timer":-1.0,"jumped":false,"o":[-0.5024413466453552,-0.8488137125968933,-0.16452334821224213,0.8571720123291016,-0.5139250159263611,0.03372121602296829,-0.11317569762468338,-0.12408187985420227,0.9857965707778931],"on_ground":false,"pitch":0.0,"roll":0.0,"steer":0.0,"supersonic":false,"throttle":0.0,"time":12560.998046875,"v":[0.0,0.0,-2.4027204513549805],"w":[-0.6248641610145569,-1.7920280694961548,-1.2314963340759277],"x":[0.0,0.0,999.977783203125],"yaw":0.0}
{"boost":false,"boost_left":46,"dodge_dir":[0.0,0.0],"dodge_timer":-1.0,"double_jumped":false,"handbrake":false,"jump":false,"jump_timer":-1.0,"jumped":false,"o":[-0.4911302328109741,-0.8524816632270813,-0.1790699064731598,0.8619492053985596,-0.5052956938743591,0.04146971553564072,-0.12583543360233307,-0.13398215174674988,0.9829619526863098],"on_ground":false,"pitch":0.0,"roll":0.0,"steer":0.0,"supersonic":false,"throttle":0.0,"time":12561.0068359375,"v":[0.0,0.0,-2.4028890132904053],"w":[-0.7114224433898926,-1.8292855024337769,-1.3216320276260376],"x":[0.0,0.0,999.977783203125],"yaw":0.0}
{"boost":false,"boost_left":46,"dodge_dir":[0.0,0.0],"dodge_timer":-1.0,"double_jumped":false,"handbrake":false,"jump":false,"jump_timer":-1.0,"jumped":false,"o":[-0.4789067208766937,-0.8562155961990356,-0.19376055896282196,0.866769015789032,-0.4961746037006378,0.05022130906581879,-0.1391393393278122,-0.14389434456825256,0.9797625541687012],"on_ground":false,"pitch":0.0,"roll":0.0,"steer":0.0,"supersonic":false,"throttle":0.0,"time":12561.015625,"v":[0.0,0.0,-2.403055429458618],"w":[-0.7983692288398743,-1.8637545108795166,-1.4131897687911987],"x":[0.0,0.0,999.977783203125],"yaw":0.0}
{"boost":false,"boost_left":46,"dodge_dir":[0.0,0.0],"dodge_timer":-1.0,"double_jumped":false,"handbrake":false,"jump":false,"jump_timer":-1.0,"jumped":false,"o":[-0.46568042039871216,-0.8600232005119324,-0.20857089757919312,0.8716288208961487,-0.48649224638938904,0.059903666377067566,-0.15298667550086975,-0.15390042960643768,0.9761709570884705],"on_ground":false,"pitch":0.0,"roll":0.0,"steer":0.0,"supersonic":false,"throttle":0.0,"time":12561.0244140625,"v":[0.0,0.0,-2.403221607208252],"w":[-0.8862272500991821,-1.894323468208313,-1.506447672843933],"x":[0.0,0.0,999.977783203125],"yaw":0.0}
{"boost":false,"boost_left":46,"dodge_dir":[0.0,0.0],"dodge_timer":-1.0,"double_jumped":false,"handbrake":false,"jump":false,"jump_timer":-1.0,"jumped":false,"o":[-0.45143944025039673,-0.8639373183250427,-0.2231922745704651,0.8764640688896179,-0.47624877095222473,0.07069511711597443,-0.16737119853496552,-0.1637054681777954,0.9722074866294861],"on_ground":false,"pitch":0.0,"roll":0.0,"steer":0.0,"supersonic":false,"throttle":0.0,"time":12561.033203125,"v":[0.0,0.0,-2.403390407562256],"w":[-0.9742634892463684,-1.92205810546875,-1.601272463798523],"x":[0.0,0.0,999.977783203125],"yaw":0.0}
{"boost":false,"boost_left":46,"dodge_dir":[0.0,0.0],"dodge_timer":-1.0,"double_jumped":false,"handbrake":false,"jump":false,"jump_timer":-1.0,"jumped":false,"o":[-0.43616652488708496,-0.8678411245346069,-0.23792973160743713,0.8811902403831482,-0.46550238132476807,0.08253031969070435,-0.1823800653219223,-0.1736644059419632,0.9677696824073792],"on_ground":false,"pitch":0.0,"roll":0.0,"steer":0.0,"supersonic":false,"throttle":0.0,"time":12561.0419921875,"v":[0.0,0.0,-2.4035565853118896],"w":[-1.0621882677078247,-1.9473153352737427,-1.6976748704910278],"x":[0.0,0.0,999.977783203125],"yaw":0.0}
{"boost":false,"boost_left":46,"dodge_dir":[0.0,0.0],"dodge_timer":-1.0,"double_jumped":false,"handbrake":false,"jump":false,"jump_timer":-1.0,"jumped":false,"o":[-0.4198624789714813,-0.8717801570892334,-0.25241807103157043,0.8857465386390686,-0.4542393982410431,0.09549681842327118,-0.19791045784950256,-0.18348291516304016,0.9628943204879761],"on_ground":false,"pitch":0.0,"roll":0.0,"steer":0.0,"supersonic":false,"throttle":0.0,"time":12561.05078125,"v":[0.0,0.0,-2.4037230014801025],"w":[-1.1505242586135864,-1.9689613580703735,-1.7959219217300415],"x":[0.0,0.0,999.977783203125],"yaw":0.0}
{"boost":false,"boost_left":46,"dodge_dir":[0.0,0.0],"dodge_timer":-1.0,"double_jumped":false,"handbrake":false,"jump":false,"jump_timer":-1.0,"jumped":false,"o":[-0.40244781970977783,-0.8757328987121582,-0.2666976749897003,0.8901122212409973,-0.4423965811729431,0.10947800427675247,-0.21385963261127472,-0.19333167374134064,0.9575421214103699],"on_ground":false,"pitch":0.0,"roll":0.0,"steer":0.0,"supersonic":false,"throttle":0.0,"time":12561.0595703125,"v":[0.0,0.0,-2.4038894176483154],"w":[-1.2390270233154297,-1.9871513843536377,-1.8961135149002075],"x":[0.0,0.0,999.977783203125],"yaw":0.0}
{"boost":false,"boost_left":46,"dodge_dir":[0.0,0.0],"dodge_timer":-1.0,"double_jumped":false,"handbrake":false,"jump":false,"jump_timer":-1.0,"jumped":false,"o":[-0.3838289976119995,-0.8797025084495544,-0.2807111144065857,0.894221305847168,-0.42992883920669556,0.12461712956428528,-0.2303118109703064,-0.20318619906902313,0.9516679048538208],"on_ground":false,"pitch":0.0,"roll":0.0,"steer":0.0,"supersonic":false,"throttle":0.0,"time":12561.068359375,"v":[0.0,0.0,-2.4040579795837402],"w":[-1.3274853229522705,-2.001985788345337,-1.998305320739746],"x":[0.0,0.0,999.977783203125],"yaw":0.0}
{"boost":false,"boost_left":46,"dodge_dir":[0.0,0.0],"dodge_timer":-1.0,"double_jumped":false,"handbrake":false,"jump":false,"jump_timer":-1.0,"jumped":false,"o":[-0.3641054034233093,-0.8836236596107483,-0.2943405508995056,0.8979631066322327,-0.41692686080932617,0.14083419740200043,-0.24716292321681976,-0.2130284607410431,0.9452667832374573],"on_ground":false,"pitch":0.0,"roll":0.0,"steer":0.0,"supersonic":false,"throttle":0.0,"time":12561.0771484375,"v":[0.0,0.0,-2.404224157333374],"w":[-1.4153103828430176,-2.0145862102508545,-2.1022748947143555],"x":[0.0,0.0,999.977783203125],"yaw":0.0}
{"boost":false,"boost_left":46,"dodge_dir":[0.0,0.0],"dodge_timer":-1.0,"double_jumped":false,"handbrake":false,"jump":false,"jump_timer":-1.0,"jumped":false,"o":[-0.34328851103782654,-0.8874982595443726,-0.30740806460380554,0.9012461304664612,-0.40339958667755127,0.15819036960601807,-0.26440197229385376,-0.2227453887462616,0.9383368492126465],"on_ground":false,"pitch":0.0,"roll":0.0,"steer":0.0,"supersonic":false,"throttle":0.0,"time":12561.0859375,"v":[0.0,0.0,-2.404390573501587],"w":[-1.5025907754898071,-2.024331569671631,-2.208277940750122],"x":[0.0,0.0,999.977783203125],"yaw":0.0}
{"boost":false,"boost_left":46,"dodge_dir":[0.0,0.0],"dodge_timer":-1.0,"double_jumped":false,"handbrake":false,"jump":false,"jump_timer":-1.0,"jumped":false,"o":[-0.3212226331233978,-0.8912869095802307,-0.32003697752952576,0.9040367603302002,-0.38924700021743774,0.17664730548858643,-0.2820168733596802,-0.23258207738399506,0.9307910799980164],"on_ground":false,"pitch":0.0,"roll":0.0,"steer":0.0,"supersonic":false,"throttle":0.0,"time":12561.0947265625,"v":[0.0,0.0,-2.404559373855591],"w":[-1.589782476425171,-2.0298430919647217,-2.316758871078491],"x":[0.0,0.0,999.977783203125],"yaw":0.0}
{"boost":false,"boost_left":46,"dodge_dir":[0.0,0.0],"dodge_timer":-1.0,"double_jumped":false,"handbrake":false,"jump":false,"jump_timer":-1.0,"jumped":false,"o":[-0.29793983697891235,-0.8950215578079224,-0.33191606402397156,0.9062504768371582,-0.37444451451301575,0.19621756672859192,-0.29990309476852417,-0.24233806133270264,0.9226756691932678],"on_ground":false,"pitch":0.0,"roll":0.0,"steer":0.0,"supersonic":false,"throttle":0.0,"time":12561.103515625,"v":[0.0,0.0,-2.4047255516052246],"w":[-1.676185131072998,-2.032543420791626,-2.4274399280548096],"x":[0.0,0.0,999.977783203125],"yaw":0.0}
{"boost":false,"boost_left":46,"dodge_dir":[0.0,0.0],"dodge_timer":-1.0,"double_jumped":false,"handbrake":false,"jump":false,"jump_timer":-1.0,"jumped":false,"o":[-0.27355843782424927,-0.8985716104507446,-0.3431253433227539,0.90775066614151,-0.35914233326911926,0.21680772304534912,-0.31804805994033813,-0.2521626651287079,0.913925290107727],"on_ground":false,"pitch":0.0,"roll":0.0,"steer":0.0,"supersonic":false,"throttle":0.0,"time":12561.1123046875,"v":[0.0,0.0,-2.4048919677734375],"w":[-1.7618656158447266,-2.0316100120544434,-2.5407211780548096],"x":[0.0,0.0,999.977783203125],"yaw":0.0}
{"boost":false,"boost_left":46,"dodge_dir":[0.0,0.0],"dodge_timer":-1.0,"double_jumped":false,"handbrake":false,"jump":false,"jump_timer":-1.0,"jumped":false,"o":[-0.24794375896453857,-0.9019728302955627,-0.3535095155239105,0.9084784388542175,-0.3432037830352783,0.23849128186702728,-0.33643844723701477,-0.26202335953712463,0.9045180678367615],"on_ground":false,"pitch":0.0,"roll":0.0,"steer":0.0,"supersonic":false,"throttle":0.0,"time":12561.12109375,"v":[0.0,0.0,-7.815616607666016],"w":[-1.846112608909607,-2.0289876461029053,-2.655991315841675],"x":[0.0,0.0,999.9099731445313],"yaw":0.0}
{"boost":false,"boost_left":46,"dodge_dir":[0.0,0.0],"dodge_timer":-1.0,"double_jumped":false,"handbrake":false,"jump":false,"jump_timer":-1.0,"jumped":false,"o":[-0.22106550633907318,-0.9052271246910095,-0.3628966212272644,0.9083645343780518,-0.326553076505661,0.26122209429740906,-0.3549703061580658,-0.27189522981643677,0.8944658041000366],"on_ground":false,"pitch":0.0,"roll":0.0,"steer":0.0,"supersonic":false,"throttle":0.0,"time":12561.1298828125,"v":[0.0,0.0,-2.405226945877075],"w":[-1.929581880569458,-2.021497964859009,-2.7745285034179688],"x":[0.0,0.0,999.977783203125],"yaw":0.0}
{"boost":false,"boost_left":46,"dodge_dir":[0.0,0.0],"dodge_timer":-1.0,"double_jumped":false,"handbrake":false,"jump":false,"jump_timer":-1.0,"jumped":false,"o":[-0.1930687576532364,-0.9082658886909485,-0.3711838722229004,0.9072621464729309,-0.3093108534812927,0.2849598824977875,-0.373630553483963,-0.2817442715167999,0.8837535977363586],"on_ground":false,"pitch":0.0,"roll":0.0,"steer":0.0,"supersonic":false,"throttle":0.0,"time":12561.138671875,"v":[0.0,0.0,-2.405393123626709],"w":[-2.0132176876068115,-2.0046193599700928,-2.8981993198394775],"x":[0.0,0.0,999.9777221679688],"yaw":0.0}
{"boost":false,"boost_left":46,"dodge_dir":[0.0,0.0],"dodge_timer":-1.0,"double_jumped":false,"handbrake":false,"jump":false,"jump_timer":-1.0,"jumped":false,"o":[-0.16384848952293396,-0.9111869931221008,-0.37801042199134827,0.9050810933113098,-0.291278600692749,0.3098145127296448,-0.39240533113479614,-0.29136744141578674,0.8724237084388733],"on_ground":false,"pitch":0.0,"roll":0.0,"steer":0.0,"supersonic":false,"throttle":0.0,"time":12561.1474609375,"v":[0.0,0.0,-2.405559539794922],"w":[-2.0955758094787598,-1.9818288087844849,-3.026015043258667],"x":[0.0,0.0,999.9777221679688],"yaw":0.0}
{"boost":false,"boost_left":46,"dodge_dir":[0.0,0.0],"dodge_timer":-1.0,"double_jumped":false,"handbrake":false,"jump":false,"jump_timer":-1.0,"jumped":false,"o":[-0.13357329368591309,-0.9137459993362427,-0.3837009370326996,0.901668906211853,-0.27272504568099976,0.3355804979801178,-0.41128018498420715,-0.30114659667015076,0.8603250980377197],"on_ground":false,"pitch":0.0,"roll":0.0,"steer":0.0,"supersonic":false,"throttle":0.0,"time":12561.15625,"v":[0.0,0.0,-2.405728340148926],"w":[-2.176711320877075,-1.9510045051574707,-3.1591198444366455],"x":[0.0,0.0,999.9777221679688],"yaw":0.0}
{"boost":false,"boost_left":46,"dodge_dir":[0.0,0.0],"dodge_timer":-1.0,"double_jumped":false,"handbrake":false,"jump":false,"jump_timer":-1.0,"jumped":false,"o":[-0.10217472165822983,-0.9160770177841187,-0.3877670168876648,0.8969965577125549,-0.25336962938308716,0.3622168004512787,-0.430066853761673,-0.31081628799438477,0.8476058840751648],"on_ground":false,"pitch":0.0,"roll":0.0,"steer":0.0,"supersonic":false,"throttle":0.0,"time":12561.1650390625,"v":[0.0,0.0,-2.4058945178985596],"w":[-2.256035566329956,-1.912657618522644,-3.2977139949798584],"x":[0.0,0.0,999.9777221679688],"yaw":0.0}
{"boost":false,"boost_left":46,"dodge_dir":[0.0,0.0],"dodge_timer":-1.0,"double_jumped":false,"handbrake":false,"jump":false,"jump_timer":-1.0,"jumped":false,"o":[-0.0696745216846466,-0.9181637167930603,-0.3900269567966461,0.8909778594970703,-0.23312291502952576,0.38963088393211365,-0.44866907596588135,-0.320358008146286,0.8343061804771423],"on_ground":false,"pitch":0.0,"roll":0.0,"steer":0.0,"supersonic":false,"throttle":0.0,"time":12561.173828125,"v":[0.0,0.0,-2.4060609340667725],"w":[-2.322265625,-1.861363172531128,-3.439596176147461],"x":[0.0,0.0,999.9777221679688],"yaw":0.0}
{"boost":false,"boost_left":46,"dodge_dir":[0.0,0.0],"dodge_timer":-1.0,"double_jumped":false,"handbrake":false,"jump":false,"jump_timer":-1.0,"jumped":false,"o":[-0.03644763305783272,-0.9199754595756531,-0.39027759432792664,0.8835985660552979,-0.2121008038520813,0.41745278239250183,-0.46682456135749817,-0.32963353395462036,0.8206195831298828],"on_ground":false,"pitch":0.0,"roll":0.0,"steer":0.0,"supersonic":false,"throttle":0.0,"time":12561.1826171875,"v":[0.0,0.0,-2.4062294960021973],"w":[-2.3414714336395264,-1.784197449684143,-3.575741767883301],"x":[0.0,0.0,999.9777221679688],"yaw":0.0}
{"boost":false,"boost_left":46,"dodge_dir":[0.0,0.0],"dodge_timer":-1.0,"double_jumped":false,"handbrake":false,"jump":false,"jump_timer":-1.0,"jumped":false,"o":[-0.002684949431568384,-0.9215298891067505,-0.38829806447029114,0.8751397728919983,-0.1900496631860733,0.4449847936630249,-0.4838627278804779,-0.33862030506134033,0.8069777488708496],"on_ground":false,"pitch":0.0,"roll":0.0,"steer":0.0,"supersonic":false,"throttle":0.0,"time":12561.19140625,"v":[0.0,0.0,-2.40639591217041],"w":[-2.28707218170166,-1.6737407445907593,-3.6987977027893066],"x":[0.0,0.0,999.9777221679688],"yaw":0.0}
{"boost":false,"boost_left":46,"dodge_dir":[0.0,0.0],"dodge_timer":-1.0,"double_jumped":false,"handbrake":false,"jump":false,"jump_timer":-1.0,"jumped":false,"o":[0.03122318536043167,-0.9227994084358215,-0.38401344418525696,0.8657659888267517,-0.16702249646186829,0.47175493836402893,-0.49947407841682434,-0.34719547629356384,0.793713390827179],"on_ground":false,"pitch":0.0,"roll":0.0,"steer":0.0,"supersonic":false,"throttle":0.0,"time":12561.2001953125,"v":[0.0,0.0,-2.406562089920044],"w":[-2.17678165435791,-1.541579008102417,-3.812711000442505],"x":[0.0,0.0,999.9777221679688],"yaw":0.0}
{"boost":false,"boost_left":46,"dodge_dir":[0.0,0.0],"dodge_timer":-1.0,"double_jumped":false,"handbrake":false,"jump":false,"jump_timer":-1.0,"jumped":false,"o":[0.0653349906206131,-0.9237220287322998,-0.37745076417922974,0.8555331230163574,-0.14283934235572815,0.4976545572280884,-0.5136092305183411,-0.35543587803840637,0.7809423804283142],"on_ground":false,"pitch":0.0,"roll":0.0,"steer":0.0,"supersonic":false,"throttle":0.0,"time":12561.208984375,"v":[0.0,0.0,-2.406728506088257],"w":[-2.0463757514953613,-1.409967064857483,-3.923347234725952],"x":[0.0,0.0,999.9777221679688],"yaw":0.0}
{"boost":false,"boost_left":46,"dodge_dir":[0.0,0.0],"dodge_timer":-1.0,"double_jumped":false,"handbrake":false,"jump":false,"jump_timer":-1.0,"jumped":false,"o":[0.09947804361581802,-0.9242439270019531,-0.3686153292655945,0.8445090055465698,-0.11749004572629929,0.5224946737289429,-0.5262212157249451,-0.3632757067680359,0.7688446044921875],"on_ground":false,"pitch":0.0,"roll":0.0,"steer":0.0,"supersonic":false,"throttle":0.0,"time":12561.2177734375,"v":[0.0,0.0,-2.407097816467285],"w":[-1.9111427068710327,-1.292188286781311,-4.030040740966797],"x":[0.0,0.0,999.9777221679688],"yaw":0.0}
{"boost":false,"boost_left":46,"dodge_dir":[0.0,0.0],"dodge_timer":-1.0,"double_jumped":false,"handbrake":false,"jump":false,"jump_timer":-1.0,"jumped":false,"o":[0.1336476057767868,-0.9241952896118164,-0.3577730059623718,0.8326537609100342,-0.09105625748634338,0.5462567806243896,-0.5374253988265991,-0.37090691924095154,0.7573651671409607],"on_ground":false,"pitch":0.0,"roll":0.0,"steer":0.0,"supersonic":false,"throttle":0.0,"time":12561.2265625,"v":[0.0,0.0,-2.407264232635498],"w":[-1.772437334060669,-1.1935381889343262,-4.129062652587891],"x":[0.0,0.0,999.9777221679688],"yaw":0.0}
{"boost":false,"boost_left":46,"dodge_dir":[0.0,0.0],"dodge_timer":-1.0,"double_jumped":false,"handbrake":false,"jump":false,"jump_timer":-1.0,"jumped":false,"o":[0.1677573174238205,-0.9233681559562683,-0.34532392024993896,0.8199296593666077,-0.06379379332065582,0.5688986778259277,-0.5473325252532959,-0.378578245639801,0.7463951110839844],"on_ground":false,"pitch":0.0,"roll":0.0,"steer":0.0,"supersonic":false,"throttle":0.0,"time":12561.2353515625,"v":[0.0,0.0,-2.407430648803711],"w":[-1.6319215297698975,-1.1163020133972168,-4.2183380126953125],"x":[0.0,0.0,999.9777221679688],"yaw":0.0}
{"boost":false,"boost_left":46,"dodge_dir":[0.0,0.0],"dodge_timer":-1.0,"double_jumped":false,"handbrake":false,"jump":false,"jump_timer":-1.0,"jumped":false,"o":[0.20168258249759674,-0.9218654036521912,-0.3308902978897095,0.8064739108085632,-0.03540921211242676,0.5902085304260254,-0.5558093190193176,-0.3858891427516937,0.7363189458847046],"on_ground":false,"pitch":0.0,"roll":0.0,"steer":0.0,"supersonic":false,"throttle":0.0,"time":12561.244140625,"v":[0.0,0.0,-7.818154335021973],"w":[-1.4901273250579834,-1.0564494132995605,-4.299961090087891],"x":[0.0,0.0,999.909912109375],"yaw":0.0}
{"boost":false,"boost_left":46,"dodge_dir":[0.0,0.0],"dodge_timer":-1.0,"double_jumped":false,"handbrake":false,"jump":false,"jump_timer":-1.0,"jumped":false,"o":[0.23560504615306854,-0.9192887544631958,-0.3152754008769989,0.7922459244728088,-0.006216257810592651,0.6101702451705933,-0.5628824234008789,-0.3935348391532898,0.7268381118774414],"on_ground":false,"pitch":0.0,"roll":0.0,"steer":0.0,"supersonic":false,"throttle":0.0,"time":12561.2529296875,"v":[0.0,0.0,-2.4077656269073486],"w":[-1.3494923114776611,-1.0171879529953003,-4.370964050292969],"x":[0.0,0.0,999.9777221679688],"yaw":0.0}
{"boost":false,"boost_left":46,"dodge_dir":[0.0,0.0],"dodge_timer":-1.0,"double_jumped":false,"handbrake":false,"jump":false,"jump_timer":-1.0,"jumped":false,"o":[0.2692895233631134,-0.9156440496444702,-0.2984611690044403,0.7771916389465332,0.023601800203323364,0.6288211941719055,-0.5687322020530701,-0.4012964963912964,0.7179866433143616],"on_ground":false,"pitch":0.0,"roll":0.0,"steer":0.0,"supersonic":false,"throttle":0.0,"time":12561.26171875,"v":[0.0,0.0,-2.4079320430755615],"w":[-1.2135125398635864,-1.0064330101013184,-4.4252142906188965],"x":[0.0,0.0,999.9777221679688],"yaw":0.0}
{"boost":false,"boost_left":46,"dodge_dir":[0.0,0.0],"dodge_timer":-1.0,"double_jumped":false,"handbrake":false,"jump":false,"jump_timer":-1.0,"jumped":false,"o":[0.30272582173347473,-0.9107593894004822,-0.2808459997177124,0.7614312767982483,0.05388668179512024,0.6460020542144775,-0.573218584060669,-0.4094064235687256,0.7097935676574707],"on_ground":false,"pitch":0.0,"roll":0.0,"steer":0.0,"supersonic":false,"throttle":0.0,"time":12561.2705078125,"v":[0.0,0.0,-2.4081006050109863],"w":[-1.0822560787200928,-1.0170453786849976,-4.46685266494751],"x":[0.0,0.0,999.9777221679688],"yaw":0.0}
{"boost":false,"boost_left":46,"dodge_dir":[0.0,0.0],"dodge_timer":-1.0,"double_jumped":false,"handbrake":false,"jump":false,"jump_timer":-1.0,"jumped":false,"o":[0.33600324392318726,-0.9045517444610596,-0.26246511936187744,0.744865357875824,0.08465158939361572,0.661823034286499,-0.5764350891113281,-0.41787582635879517,0.7022124528884888],"on_ground":false,"pitch":0.0,"roll":0.0,"steer":0.0,"supersonic":false,"throttle":0.0,"time":12561.279296875,"v":[0.0,0.0,-2.40826678276062],"w":[-0.9575237035751343,-1.0477358102798462,-4.496301651000977],"x":[0.0,0.0,999.9777221679688],"yaw":0.0}
{"boost":false,"boost_left":46,"dodge_dir":[0.0,0.0],"dodge_timer":-1.0,"double_jumped":false,"handbrake":false,"jump":false,"jump_timer":-1.0,"jumped":false,"o":[0.3689831495285034,-0.8969412446022034,-0.2436141073703766,0.7274776101112366,0.11557507514953613,0.6763274073600769,-0.5784702301025391,-0.4267772138118744,0.6951499581336975],"on_ground":false,"pitch":0.0,"roll":0.0,"steer":0.0,"supersonic":false,"throttle":0.0,"time":12561.2880859375,"v":[0.0,0.0,-2.408433198928833],"w":[-0.8463335633277893,-1.0956799983978271,-4.517377853393555],"x":[0.0,0.0,999.9777221679688],"yaw":0.0}
{"boost":false,"boost_left":46,"dodge_dir":[0.0,0.0],"dodge_timer":-1.0,"double_jumped":false,"handbrake":false,"jump":false,"jump_timer":-1.0,"jumped":false,"o":[0.40171724557876587,-0.8878154754638672,-0.22451475262641907,0.7092886567115784,0.1465708613395691,0.689511775970459,-0.5792520046234131,-0.43623456358909607,0.6885975003242493],"on_ground":false,"pitch":0.0,"roll":0.0,"steer":0.0,"supersonic":false,"throttle":0.0,"time":12561.296875,"v":[0.0,0.0,-2.408599615097046],"w":[-0.7566014528274536,-1.1573904752731323,-4.534798622131348],"x":[0.0,0.0,999.9777221679688],"yaw":0.0}
{"boost":false,"boost_left":46,"dodge_dir":[0.0,0.0],"dodge_timer":-1.0,"double_jumped":false,"handbrake":false,"jump":false,"jump_timer":-1.0,"jumped":false,"o":[0.4342086911201477,-0.8771337866783142,-0.20518097281455994,0.6900736093521118,0.17747876048088074,0.701640784740448,-0.5790175199508667,-0.44624850153923035,0.682349681854248],"on_ground":false,"pitch":0.0,"roll":0.0,"steer":0.0,"supersonic":false,"throttle":0.0,"time":12561.3056640625,"v":[0.0,0.0,-2.4087681770324707],"w":[-0.6890925765037537,-1.2317016124725342,-4.5483174324035645],"x":[0.0,0.0,999.9777221679688],"yaw":0.0}
{"boost":false,"boost_left":46,"dodge_dir":[0.0,0.0],"dodge_timer":-1.0,"double_jumped":false,"handbrake":false,"jump":false,"jump_timer":-1.0,"jumped":false,"o":[0.4663538932800293,-0.8648719191551208,-0.18577054142951965,0.6699184775352478,0.20815610885620117,0.7126572132110596,-0.5776879191398621,-0.45680156350135803,0.6764680743217468],"on_ground":false,"pitch":0.0,"roll":0.0,"steer":0.0,"supersonic":false,"throttle":0.0,"time":12561.314453125,"v":[0.0,0.0,-2.4089345932006836],"w":[-0.6428728103637695,-1.317055344581604,-4.557648658752441],"x":[0.0,0.0,999.9777221679688],"yaw":0.0}
{"boost":false,"boost_left":46,"dodge_dir":[0.0,0.0],"dodge_timer":-1.0,"double_jumped":false,"handbrake":false,"jump":false,"jump_timer":-1.0,"jumped":false,"o":[0.49821382761001587,-0.8509396910667419,-0.16638681292533875,0.6485978960990906,0.23840832710266113,0.7228293418884277,-0.5754162073135376,-0.46804171800613403,0.6706960201263428],"on_ground":false,"pitch":0.0,"roll":0.0,"steer":0.0,"supersonic":false,"throttle":0.0,"time":12561.3232421875,"v":[0.0,0.0,-2.4091007709503174],"w":[-0.6150507926940918,-1.410352110862732,-4.563724517822266],"x":[0.0,0.0,999.9777221679688],"yaw":0.0}
{"boost":false,"boost_left":46,"dodge_dir":[0.0,0.0],"dodge_timer":-1.0,"double_jumped":false,"handbrake":false,"jump":false,"jump_timer":-1.0,"jumped":false,"o":[0.5296748280525208,-0.8353360891342163,-0.14716729521751404,0.6261990666389465,0.2680800259113312,0.7321255207061768,-0.5721182823181152,-0.47994449734687805,0.6650819182395935],"on_ground":false,"pitch":0.0,"roll":0.0,"steer":0.0,"supersonic":false,"throttle":0.0,"time":12561.33203125,"v":[0.0,0.0,-2.4092695713043213],"w":[-0.6027735471725464,-1.5105944871902466,-4.565620422363281],"x":[0.0,0.0,999.9777221679688],"yaw":0.0}
{"boost":false,"boost_left":46,"dodge_dir":[0.0,0.0],"dodge_timer":-1.0,"double_jumped":false,"handbrake":false,"jump":false,"jump_timer":-1.0,"jumped":false,"o":[0.5607378482818604,-0.8180211782455444,-0.12811806797981262,0.6025802493095398,0.29704660177230835,0.7407160401344299,-0.5678644776344299,-0.49254900217056274,0.6594887971878052],"on_ground":false,"pitch":0.0,"roll":0.0,"steer":0.0,"supersonic":false,"throttle":0.0,"time":12561.3408203125,"v":[0.0,0.0,-2.409435749053955],"w":[-0.604083240032196,-1.616511583328247,-4.563317775726318],"x":[0.0,0.0,999.9777221679688],"yaw":0.0}
{"boost":false,"boost_left":46,"dodge_dir":[0.0,0.0],"dodge_timer":-1.0,"double_jumped":false,"handbrake":false,"jump":false,"jump_timer":-1.0,"jumped":false,"o":[0.5912508964538574,-0.7990646958351135,-0.1091701090335846,0.5778005123138428,0.3252601623535156,0.7485669255256653,-0.5626446604728699,-0.505669355392456,0.6540102958679199],"on_ground":false,"pitch":0.0,"roll":0.0,"steer":0.0,"supersonic":false,"throttle":0.0,"time":12561.349609375,"v":[0.0,0.0,-2.409602165222168],"w":[-0.6162030100822449,-1.7257399559020996,-4.557914733886719],"x":[0.0,0.0,999.9777221679688],"yaw":0.0}
{"boost":false,"boost_left":46,"dodge_dir":[0.0,0.0],"dodge_timer":-1.0,"double_jumped":false,"handbrake":false,"jump":false,"jump_timer":-1.0,"jumped":false,"o":[0.6212167143821716,-0.77838134765625,-0.09062153100967407,0.5518563389778137,0.35243654251098633,0.7558062076568604,-0.5563671588897705,-0.5195295214653015,0.6484941840171814],"on_ground":false,"pitch":0.0,"roll":0.0,"steer":0.0,"supersonic":false,"throttle":0.0,"time":12561.3583984375,"v":[0.0,0.0,-2.4097683429718018],"w":[-0.637355387210846,-1.831221103668213,-4.543611526489258],"x":[0.0,0.0,999.9777221679688],"yaw":0.0}
{"boost":false,"boost_left":46,"dodge_dir":[0.0,0.0],"dodge_timer":-1.0,"double_jumped":false,"handbrake":false,"jump":false,"jump_timer":-1.0,"jumped":false,"o":[0.650399923324585,-0.7561239004135132,-0.07250210642814636,0.5248551368713379,0.37835657596588135,0.7624784111976624,-0.5490965247154236,-0.5339690446853638,0.6429385542869568],"on_ground":false,"pitch":0.0,"roll":0.0,"steer":0.0,"supersonic":false,"throttle":0.0,"time":12561.3671875,"v":[0.0,0.0,-7.820491790771484],"w":[-0.6641250848770142,-1.9283989667892456,-4.521557331085205],"x":[0.0,0.0,999.909912109375],"yaw":0.0}
{"boost":false,"boost_left":46,"dodge_dir":[0.0,0.0],"dodge_timer":-1.0,"double_jumped":false,"handbrake":false,"jump":false,"jump_timer":-1.0,"jumped":false,"o":[0.6785883903503418,-0.7324930429458618,-0.054513782262802124,0.4968505799770355,0.4030904173851013,0.7685425877571106,-0.5409780740737915,-0.5486092567443848,0.6374720335006714],"on_ground":false,"pitch":0.0,"roll":0.0,"steer":0.0,"supersonic":false,"throttle":0.0,"time":12561.3759765625,"v":[0.0,0.0,-2.4101035594940186],"w":[-0.6963682174682617,-2.0076780319213867,-4.481314659118652],"x":[0.0,0.0,999.9777221679688],"yaw":0.0}
{"boost":false,"boost_left":46,"dodge_dir":[0.0,0.0],"dodge_timer":-1.0,"double_jumped":false,"handbrake":false,"jump":false,"jump_timer":-1.0,"jumped":false,"o":[0.7055308818817139,-0.7077093720436096,-0.037063539028167725,0.46810123324394226,0.42611727118492126,0.774148166179657,-0.5320784449577332,-0.5635349154472351,0.6319184899330139],"on_ground":false,"pitch":0.0,"roll":0.0,"steer":0.0,"supersonic":false,"throttle":0.0,"time":12561.384765625,"v":[0.0,0.0,-2.4102697372436523],"w":[-0.7328785061836243,-2.0580601692199707,-4.410030364990234],"x":[0.0,0.0,999.9777221679688],"yaw":0.0}
{"boost":false,"boost_left":46,"dodge_dir":[0.0,0.0],"dodge_timer":-1.0,"double_jumped":false,"handbrake":false,"jump":false,"jump_timer":-1.0,"jumped":false,"o":[0.7310566306114197,-0.6820215582847595,-0.02006852626800537,0.438845694065094,0.447468638420105,0.7792216539382935,-0.5224658846855164,-0.5784621238708496,0.6264271140098572],"on_ground":false,"pitch":0.0,"roll":0.0,"steer":0.0,"supersonic":false,"throttle":0.0,"time":12561.3935546875,"v":[0.0,0.0,-2.4104385375976563],"w":[-0.7654286623001099,-2.090333938598633,-4.324181079864502],"x":[0.0,0.0,999.9777221679688],"yaw":0.0}
{"boost":false,"boost_left":46,"dodge_dir":[0.0,0.0],"dodge_timer":-1.0,"double_jumped":false,"handbrake":false,"jump":false,"jump_timer":-1.0,"jumped":false,"o":[0.7551095485687256,-0.65558922290802,-0.003521054983139038,0.40931013226509094,0.4672355055809021,0.7836811542510986,-0.5121277570724487,-0.5932063460350037,0.6211532950401306],"on_ground":false,"pitch":0.0,"roll":0.0,"steer":0.0,"supersonic":false,"throttle":0.0,"time":12561.40234375,"v":[0.0,0.0,-2.410604953765869],"w":[-0.7902417778968811,-2.1091012954711914,-4.227658748626709],"x":[0.0,0.0,999.9777221679688],"yaw":0.0}
{"boost":false,"boost_left":46,"dodge_dir":[0.0,0.0],"dodge_timer":-1.0,"double_jumped":false,"handbrake":false,"jump":false,"jump_timer":-1.0,"jumped":false,"o":[0.7775991559028625,-0.6286324262619019,0.012686550617218018,0.37952297925949097,0.48535406589508057,0.7876508235931396,-0.5013002753257751,-0.6076617240905762,0.6159913539886475],"on_ground":false,"pitch":0.0,"roll":0.0,"steer":0.0,"supersonic":false,"throttle":0.0,"time":12561.4111328125,"v":[0.0,0.0,-2.410771131515503],"w":[-0.8047187924385071,-2.119072198867798,-4.124929428100586],"x":[0.0,0.0,999.9777221679688],"yaw":0.0}
{"boost":false,"boost_left":46,"dodge_dir":[0.0,0.0],"dodge_timer":-1.0,"double_jumped":false,"handbrake":false,"jump":false,"jump_timer":-1.0,"jumped":false,"o":[0.798585832118988,-0.6012201309204102,0.028195053339004517,0.3497830331325531,0.501710832118988,0.7911624908447266,-0.489808589220047,-0.6219490170478821,0.6109557747840881],"on_ground":false,"pitch":0.0,"roll":0.0,"steer":0.0,"supersonic":false,"throttle":0.0,"time":12561.419921875,"v":[0.0,0.0,-2.4109396934509277],"w":[-0.8080069422721863,-2.123267412185669,-4.018723011016846],"x":[0.0,0.0,999.9777221679688],"yaw":0.0}
