{"boost":false,"boost_left":100,"dodge_dir":[0.0,1.9056897737615988e+38],"dodge_timer":-1.0,"double_jumped":false,"handbrake":false,"jump":false,"jump_timer":-1.0,"jumped":false,"o":[0.9434663653373718,0.33146795630455017,-0.00042777214548550546,0.3314681053161621,-0.9434641599655151,0.002085296669974923,0.00028762139845639467,-0.002109199995175004,-0.9999977350234985],"on_ground":false,"pitch":-1.0,"roll":-1.0,"steer":0.0,"supersonic":false,"throttle":0.0,"time":384.2157287597656,"v":[12.547194480895996,24.47970962524414,-5.921853065490723],"w":[0.12325930595397949,-0.058050334453582764,-5.4952287673950195],"x":[-69.93059539794922,393.7124938964844,39.9610710144043],"yaw":1.0}
{"boost":false,"boost_left":100,"dodge_dir":[0.0,1.9056897737615988e+38],"dodge_timer":-1.0,"double_jumped":false,"handbrake":false,"jump":false,"jump_timer":-1.0,"jumped":false,"o":[0.957632839679718,0.2879911959171295,0.0006785918958485126,0.2879900634288788,-0.9576323628425598,0.001405494287610054,0.0010546115227043629,-0.0011505198199301958,-0.9999988079071045],"on_ground":false,"pitch":-1.0,"roll":-1.0,"steer":0.0,"supersonic":false,"throttle":0.0,"time":384.22406005859375,"v":[14.135401725769043,23.811508178710938,-3.4836373329162598],"w":[-0.056257978081703186,-0.12666437029838562,-5.47677755355835],"x":[-69.80796813964844,393.9098815917969,39.968929290771484],"yaw":1.0}
{"boost":false,"boost_left":100,"dodge_dir":[0.0,1.9056897737615988e+38],"dodge_timer":-1.0,"double_jumped":false,"handbrake":false,"jump":false,"jump_timer":-1.0,"jumped":false,"o":[0.9698203206062317,0.2438163012266159,0.0014419732615351677,0.24381686747074127,-0.9698212146759033,-0.00023059803061187267,0.0013422328047454357,0.0005752160795964301,-0.999998927116394],"on_ground":false,"pitch":-1.0,"roll":-1.0,"steer":0.0,"supersonic":false,"throttle":0.0,"time":384.2323913574219,"v":[15.525825500488281,22.772380828857422,-3.1072347164154053],"w":[-0.15721338987350464,-0.09291557222604752,-5.486545562744141],"x":[-69.67796325683594,394.0998840332031,39.97368621826172],"yaw":0.0}
{"boost":false,"boost_left":100,"dodge_dir":[0.0,1.9056897737615988e+38],"dodge_timer":-1.0,"double_jumped":false,"handbrake":false,"jump":false,"jump_timer":-1.0,"jumped":false,"o":[0.9798745512962341,0.19960154592990875,0.002273780293762684,0.19960123300552368,-0.9798771739006042,0.0003654475440271199,0.0023009690921753645,9.575659350957721e-05,-0.9999973773956299],"on_ground":false,"pitch":-1.0,"roll":-1.0,"steer":0.0,"supersonic":false,"throttle":0.0,"time":384.24072265625,"v":[0.0,0.0,-3.4146764278411865],"w":[0.09181614220142365,-0.10264867544174194,-5.442060947418213],"x":[0.0,0.0,999.9684448242188],"yaw":0.0}
{"boost":false,"boost_left":100,"dodge_dir":[0.0,1.9056897737615988e+38],"dodge_timer":-1.0,"double_jumped":false,"handbrake":false,"jump":false,"jump_timer":-1.0,"jumped":false,"o":[0.9877906441688538,0.15574614703655243,0.0035645796451717615,0.15573236346244812,-0.9877917170524597,0.0038620498962700367,0.004122561775147915,-0.0032597763929516077,-0.9999861717224121],"on_ground":false,"pitch":-1.0,"roll":-1.0,"steer":0.0,"supersonic":false,"throttle":0.0,"time":384.2490539550781,"v":[0.0,0.0,-3.4148454666137695],"w":[0.4230833053588867,-0.14094609022140503,-5.354315280914307],"x":[0.0,0.0,999.9684448242188],"yaw":0.0}
{"boost":false,"boost_left":100,"dodge_dir":[0.0,1.9056897737615988e+38],"dodge_timer":-1.0,"double_jumped":false,"handbrake":false,"jump":false,"jump_timer":-1.0,"jumped":false,"o":[0.9975668787956238,0.06922546029090881,0.008255476132035255,0.0690668597817421,-0.9974467754364014,0.018157565966248512,0.009491363540291786,-0.017543207854032516,-0.9998010396957397],"on_ground":false,"pitch":-1.0,"roll":-1.0,"steer":0.0,"supersonic":false,"throttle":0.0,"time":384.2657165527344,"v":[0.0,0.0,-8.825547218322754],"w":[1.0413949489593506,-0.26731956005096436,-5.182651042938232],"x":[0.0,0.0,999.8931884765625],"yaw":0.0}
{"boost":false,"boost_left":100,"dodge_dir":[0.0,1.9056897737615988e+38],"dodge_timer":-1.0,"double_jumped":false,"handbrake":false,"jump":false,"jump_timer":-1.0,"jumped":false,"o":[0.9995636343955994,0.02691151201725006,0.012176786549389362,0.02655169740319252,-0.9992323517799377,0.028804130852222443,0.012942601926624775,-0.02846824936568737,-0.9995109438896179],"on_ground":false,"pitch":-1.0,"roll":-1.0,"steer":0.0,"supersonic":false,"throttle":0.0,"time":384.2740478515625,"v":[0.0,0.0,-3.415346622467041],"w":[1.3278470039367676,-0.3528585731983185,-5.098958492279053],"x":[0.0,0.0,999.9683837890625],"yaw":0.0}
{"boost":false,"boost_left":100,"dodge_dir":[0.0,1.9056897737615988e+38],"dodge_timer":-1.0,"double_jumped":false,"handbrake":false,"jump":false,"jump_timer":-1.0,"jumped":false,"o":[0.9981607794761658,-0.05562683567404747,0.0240976233035326,-0.056905828416347504,-0.9968011975288391,0.05611632764339447,0.020898966118693352,-0.05738441273570061,-0.9981334209442139],"on_ground":false,"pitch":-1.0,"roll":-1.0,"steer":0.0,"supersonic":false,"throttle":0.0,"time":384.29071044921875,"v":[0.0,0.0,-8.826047897338867],"w":[1.8546218872070313,-0.5625296831130981,-4.936788558959961],"x":[0.0,0.0,999.8931884765625],"yaw":0.0}
{"boost":false,"boost_left":100,"dodge_dir":[0.0,1.9056897737615988e+38],"dodge_timer":-1.0,"double_jumped":false,"handbrake":false,"jump":false,"jump_timer":-1.0,"jumped":false,"o":[0.9949058890342712,-0.09547245502471924,0.03236186504364014,-0.09760444611310959,-0.992590069770813,0.07237613201141357,0.025212138891220093,-0.07516609877347946,-0.9968522191047668],"on_ground":false,"pitch":-1.0,"roll":-1.0,"steer":0.0,"supersonic":false,"throttle":0.0,"time":384.2990417480469,"v":[0.0,0.0,-3.4158456325531006],"w":[2.0948445796966553,-0.6844247579574585,-4.8587751388549805],"x":[0.0,0.0,999.9683837890625],"yaw":0.0}
{"boost":false,"boost_left":100,"dodge_dir":[0.0,1.9056897737615988e+38],"dodge_timer":-1.0,"double_jumped":false,"handbrake":false,"jump":false,"jump_timer":-1.0,"jumped":false,"o":[0.9835827350616455,-0.1721249371767044,0.05420342832803726,-0.17718346416950226,-0.9781008362770081,0.10920064151287079,0.03422026336193085,-0.11701182276010513,-0.9925408363342285],"on_ground":false,"pitch":-1.0,"roll":-1.0,"steer":0.0,"supersonic":false,"throttle":0.0,"time":384.3157043457031,"v":[0.0,0.0,-8.826549530029297],"w":[2.5290770530700684,-0.9568966627120972,-4.710153579711914],"x":[0.0,0.0,999.8931274414063],"yaw":0.0}
{"boost":false,"boost_left":100,"dodge_dir":[0.0,1.9056897737615988e+38],"dodge_timer":-1.0,"double_jumped":false,"handbrake":false,"jump":false,"jump_timer":-1.0,"jumped":false,"o":[0.9756544828414917,-0.20851477980613708,0.06796981394290924,-0.215850368142128,-0.9678256511688232,0.1293136328458786,0.03881913051009178,-0.14083674550056458,-0.9892714619636536],"on_ground":false,"pitch":-0.5859375,"roll":-1.0,"steer":0.0,"supersonic":false,"throttle":0.0,"time":384.32403564453125,"v":[0.0,0.0,-3.416346788406372],"w":[2.7176673412323,-1.103100299835205,-4.630764007568359],"x":[0.0,0.0,999.9683837890625],"yaw":-1.0}
{"boost":false,"boost_left":100,"dodge_dir":[0.0,1.9056897737615988e+38],"dodge_timer":-1.0,"double_jumped":false,"handbrake":false,"jump":false,"jump_timer":-1.0,"jumped":false,"o":[0.9663243293762207,-0.24345383048057556,0.08335155993700027,-0.253703236579895,-0.955521285533905,0.1503782421350479,0.043034039437770844,-0.16646072268486023,-0.9851085543632507],"on_ground":false,"pitch":-0.5859375,"roll":-1.0,"steer":0.0,"supersonic":false,"throttle":0.0,"time":384.3323669433594,"v":[0.0,0.0,-3.416515588760376],"w":[2.8820929527282715,-1.2159147262573242,-4.522500038146973],"x":[0.0,0.0,999.9683837890625],"yaw":-1.0}
{"boost":false,"boost_left":100,"dodge_dir":[0.0,1.9056897737615988e+38],"dodge_timer":-1.0,"double_jumped":false,"handbrake":false,"jump":false,"jump_timer":-1.0,"jumped":false,"o":[0.9557304978370667,-0.27666953206062317,0.10016579926013947,-0.2905181646347046,-0.9412691593170166,0.1720803827047348,0.04667357727885246,-0.19356244802474976,-0.9799771308898926],"on_ground":false,"pitch":-1.0,"roll":-1.0,"steer":0.0,"supersonic":false,"throttle":0.0,"time":384.3406982421875,"v":[0.0,0.0,-8.827051162719727],"w":[3.027684211730957,-1.3112590312957764,-4.399138450622559],"x":[0.0,0.0,999.8931274414063],"yaw":-1.0}
{"boost":false,"boost_left":100,"dodge_dir":[0.0,1.9056897737615988e+38],"dodge_timer":-1.0,"double_jumped":false,"handbrake":false,"jump":false,"jump_timer":-1.0,"jumped":false,"o":[0.9440177083015442,-0.3078218102455139,0.11864356696605682,-0.3260798156261444,-0.9252038598060608,0.19408711791038513,0.05002523586153984,-0.22190895676612854,-0.9737832546234131],"on_ground":false,"pitch":1.0,"roll":-1.0,"steer":0.0,"supersonic":false,"throttle":0.0,"time":384.3490295410156,"v":[0.0,0.0,-3.4168484210968018],"w":[3.143240451812744,-1.4407823085784912,-4.2757768630981445],"x":[0.0,0.0,999.9683837890625],"yaw":-1.0}
{"boost":false,"boost_left":100,"dodge_dir":[0.0,1.9056897737615988e+38],"dodge_timer":-1.0,"double_jumped":false,"handbrake":false,"jump":false,"jump_timer":-1.0,"jumped":false,"o":[0.9314090013504028,-0.3368380665779114,0.13790348172187805,-0.3602076768875122,-0.9074141383171082,0.2164485901594162,0.0522274486720562,-0.25127604603767395,-0.9665054082870483],"on_ground":false,"pitch":1.0,"roll":-1.0,"steer":0.0,"supersonic":false,"throttle":0.0,"time":384.35736083984375,"v":[0.0,0.0,-3.4170143604278564],"w":[3.294405221939087,-1.4795963764190674,-4.146673679351807],"x":[0.0,0.0,999.9683837890625],"yaw":-1.0}
{"boost":false,"boost_left":100,"dodge_dir":[0.0,1.9056897737615988e+38],"dodge_timer":-1.0,"double_jumped":false,"handbrake":false,"jump":false,"jump_timer":-1.0,"jumped":false,"o":[0.9181047677993774,-0.36376693844795227,0.15734398365020752,-0.39283034205436707,-0.8878964781761169,0.23942458629608154,0.05261041596531868,-0.2816263735294342,-0.9580807089805603],"on_ground":false,"pitch":1.0,"roll":-1.0,"steer":0.0,"supersonic":false,"throttle":0.0,"time":384.3656921386719,"v":[0.0,0.0,-3.4171831607818604],"w":[3.4675376415252686,-1.4583741426467896,-4.01091194152832],"x":[0.0,0.0,999.9683837890625],"yaw":-1.0}
{"boost":false,"boost_left":100,"dodge_dir":[0.0,1.9056897737615988e+38],"dodge_timer":-1.0,"double_jumped":false,"handbrake":false,"jump":false,"jump_timer":-1.0,"jumped":false,"o":[0.8898571133613586,-0.41150790452957153,0.1970166265964508,-0.453705757856369,-0.8436004519462585,0.2872096002101898,0.04801430553197861,-0.34496310353279114,-0.9373874068260193],"on_ground":false,"pitch":1.0,"roll":-1.0,"steer":0.0,"supersonic":false,"throttle":0.0,"time":384.3823547363281,"v":[0.0,0.0,-8.827884674072266],"w":[3.780742645263672,-1.4343152046203613,-3.726703405380249],"x":[0.0,0.0,999.8931274414063],"yaw":-1.0}
{"boost":false,"boost_left":100,"dodge_dir":[0.0,1.9056897737615988e+38],"dodge_timer":-1.0,"double_jumped":false,"handbrake":false,"jump":false,"jump_timer":-1.0,"jumped":false,"o":[0.8752050399780273,-0.4322180449962616,0.2172640711069107,-0.4818170368671417,-0.8189728260040283,0.31166619062423706,0.04322561249136925,-0.37745335698127747,-0.9250192046165466],"on_ground":false,"pitch":1.0,"roll":-1.0,"steer":0.0,"supersonic":false,"throttle":0.0,"time":384.39068603515625,"v":[0.0,0.0,-3.4178853034973145],"w":[3.9214203357696533,-1.4311151504516602,-3.5797250270843506],"x":[0.0,0.0,999.9683837890625],"yaw":-1.0}
{"boost":false,"boost_left":100,"dodge_dir":[0.0,1.9056897737615988e+38],"dodge_timer":-1.0,"double_jumped":false,"handbrake":false,"jump":false,"jump_timer":-1.0,"jumped":false,"o":[0.845678985118866,-0.46705082058906555,0.25824522972106934,-0.5329113602638245,-0.7651594281196594,0.36129847168922424,0.02885400876402855,-0.4431643486022949,-0.8959759473800659],"on_ground":false,"pitch":1.0,"roll":-1.0,"steer":0.0,"supersonic":false,"throttle":0.0,"time":384.4073486328125,"v":[0.0,0.0,-8.82858657836914],"w":[4.172420501708984,-1.4413007497787476,-3.279404878616333],"x":[0.0,0.0,999.8931274414063],"yaw":-1.0}
{"boost":false,"boost_left":100,"dodge_dir":[0.0,1.9056897737615988e+38],"dodge_timer":-1.0,"double_jumped":false,"handbrake":false,"jump":false,"jump_timer":-1.0,"jumped":false,"o":[0.8310458064079285,-0.481204628944397,0.2789354622364044,-0.5558634400367737,-0.7360931634902954,0.38624176383018494,0.019461151212453842,-0.47603464126586914,-0.8792111873626709],"on_ground":false,"pitch":1.0,"roll":-1.0,"steer":0.0,"supersonic":false,"throttle":0.0,"time":384.4156799316406,"v":[0.0,0.0,-3.418386697769165],"w":[4.28329610824585,-1.4543230533599854,-3.1272051334381104],"x":[0.0,0.0,999.9683837890625],"yaw":-1.0}
{"boost":false,"boost_left":100,"dodge_dir":[0.0,1.9056897737615988e+38],"dodge_timer":-1.0,"double_jumped":false,"handbrake":false,"jump":false,"jump_timer":-1.0,"jumped":false,"o":[0.8026320338249207,-0.5029954314231873,0.32058921456336975,-0.5964661240577698,-0.6739836931228638,0.4358602464199066,-0.0031638299115002155,-0.5410560369491577,-0.840980589389801],"on_ground":false,"pitch":1.0,"roll":-1.0,"steer":0.0,"supersonic":false,"throttle":0.0,"time":384.4323425292969,"v":[0.0,0.0,-8.82908821105957],"w":[4.477267265319824,-1.495315670967102,-2.821343183517456],"x":[0.0,0.0,999.8931274414063],"yaw":-1.0}
{"boost":false,"boost_left":100,"dodge_dir":[0.0,1.9056897737615988e+38],"dodge_timer":-1.0,"double_jumped":false,"handbrake":false,"jump":false,"jump_timer":-1.0,"jumped":false,"o":[0.7891256213188171,-0.5106641054153442,0.3413253724575043,-0.6140156984329224,-0.6410927176475525,0.460418164730072,-0.016297824680805206,-0.5729068517684937,-0.8194584250450134],"on_ground":false,"pitch":1.0,"roll":-1.0,"steer":0.0,"supersonic":false,"throttle":0.0,"time":384.440673828125,"v":[0.0,0.0,-3.4188854694366455],"w":[4.560846328735352,-1.5229228734970093,-2.668591022491455],"x":[0.0,0.0,999.9683837890625],"yaw":-1.0}
{"boost":false,"boost_left":100,"dodge_dir":[0.0,1.9056897737615988e+38],"dodge_timer":-1.0,"double_jumped":false,"handbrake":false,"jump":false,"jump_timer":-1.0,"jumped":false,"o":[0.7762278914451599,-0.5161958336830139,0.3619559407234192,-0.6297196745872498,-0.6071416735649109,0.48459485173225403,-0.030387315899133682,-0.6040868163108826,-0.7963389158248901],"on_ground":false,"pitch":1.0,"roll":-1.0,"steer":0.0,"supersonic":false,"throttle":0.0,"time":384.4490051269531,"v":[0.0,0.0,-3.4190545082092285],"w":[4.635841369628906,-1.5550673007965088,-2.516555070877075],"x":[0.0,0.0,999.9683837890625],"yaw":-1.0}
{"boost":false,"boost_left":100,"dodge_dir":[0.0,1.9056897737615988e+38],"dodge_timer":-1.0,"double_jumped":false,"handbrake":false,"jump":false,"jump_timer":-1.0,"jumped":false,"o":[0.7640105485916138,-0.5196569561958313,0.3824193775653839,-0.6436092853546143,-0.572180449962616,0.508307695388794,-0.045332763344049454,-0.6344810724258423,-0.7716078758239746],"on_ground":false,"pitch":1.0,"roll":-1.0,"steer":0.0,"supersonic":false,"throttle":0.0,"time":384.45733642578125,"v":[0.0,0.0,-8.829588890075684],"w":[4.702498912811279,-1.591522216796875,-2.3656086921691895],"x":[0.0,0.0,999.8931274414063],"yaw":-1.0}
{"boost":false,"boost_left":100,"dodge_dir":[0.0,1.9056897737615988e+38],"dodge_timer":-1.0,"double_jumped":false,"handbrake":false,"jump":false,"jump_timer":-1.0,"jumped":false,"o":[0.752600371837616,-0.5210657715797424,0.4025954604148865,-0.6556428670883179,-0.5363128185272217,0.531508207321167,-0.06103365495800972,-0.6639720797538757,-0.7452622652053833],"on_ground":false,"pitch":1.0,"roll":-1.0,"steer":0.0,"supersonic":false,"throttle":0.0,"time":384.4656677246094,"v":[0.0,0.0,-3.419386863708496],"w":[4.761045455932617,-1.632114291191101,-2.2161784172058105],"x":[0.0,0.0,999.9683837890625],"yaw":-1.0}
{"boost":false,"boost_left":100,"dodge_dir":[0.0,1.9056897737615988e+38],"dodge_timer":-1.0,"double_jumped":false,"handbrake":false,"jump":false,"jump_timer":-1.0,"jumped":false,"o":[0.7419994473457336,-0.5205460786819458,0.42245543003082275,-0.665929913520813,-0.4996457099914551,0.553977906703949,-0.07729299366474152,-0.692376971244812,-0.7173840403556824],"on_ground":false,"pitch":1.0,"roll":-1.0,"steer":0.0,"supersonic":false,"throttle":0.0,"time":384.4739990234375,"v":[0.0,0.0,-3.4195556640625],"w":[4.811717987060547,-1.6766170263290405,-2.0686376094818115],"x":[0.0,0.0,999.9683837890625],"yaw":-1.0}
{"boost":false,"boost_left":100,"dodge_dir":[0.0,1.9056897737615988e+38],"dodge_timer":-1.0,"double_jumped":false,"handbrake":false,"jump":false,"jump_timer":-1.0,"jumped":false,"o":[0.732326090335846,-0.5180492401123047,0.441954106092453,-0.6744336485862732,-0.46219614148139954,0.5757725238800049,-0.09400904178619385,-0.7197219133377075,-0.6878681182861328],"on_ground":false,"pitch":1.0,"roll":-1.0,"steer":0.0,"supersonic":false,"throttle":0.0,"time":384.4823303222656,"v":[0.0,0.0,-3.419722080230713],"w":[4.854779243469238,-1.7248568534851074,-1.9233499765396118],"x":[0.0,0.0,999.9683837890625],"yaw":-1.0}
{"boost":false,"boost_left":100,"dodge_dir":[0.0,1.9056897737615988e+38],"dodge_timer":-1.0,"double_jumped":false,"handbrake":false,"jump":false,"jump_timer":-1.0,"jumped":false,"o":[0.7160100340843201,-0.5076292753219604,0.4792099893093109,-0.6861617565155029,-0.3854064345359802,0.6169635057449341,-0.1284981071949005,-0.7705675959587097,-0.6242706179618835],"on_ground":false,"pitch":1.0,"roll":-1.0,"steer":0.0,"supersonic":false,"throttle":0.0,"time":384.4989929199219,"v":[0.0,0.0,-8.830425262451172],"w":[4.918980121612549,-1.8318579196929932,-1.6408437490463257],"x":[0.0,0.0,999.89306640625],"yaw":-1.0}
{"boost":false,"boost_left":100,"dodge_dir":[0.0,1.9056897737615988e+38],"dodge_timer":-1.0,"double_jumped":false,"handbrake":false,"jump":false,"jump_timer":-1.0,"jumped":false,"o":[0.7094640731811523,-0.4997137188911438,0.4969375729560852,-0.6894785165786743,-0.3462089002132416,0.6362065672874451,-0.1458768993616104,-0.7939934730529785,-0.5901646614074707],"on_ground":false,"pitch":1.0,"roll":-1.0,"steer":0.0,"supersonic":false,"throttle":0.0,"time":384.50732421875,"v":[0.0,0.0,-3.4202232360839844],"w":[4.940519332885742,-1.8901559114456177,-1.5042253732681274],"x":[0.0,0.0,999.9683837890625],"yaw":-1.0}
{"boost":false,"boost_left":100,"dodge_dir":[0.0,1.9056897737615988e+38],"dodge_timer":-1.0,"double_jumped":false,"handbrake":false,"jump":false,"jump_timer":-1.0,"jumped":false,"o":[0.6996397376060486,-0.4791375398635864,0.5300297141075134,-0.6913712024688721,-0.2667882442474365,0.6714386940002441,-0.18030580878257751,-0.8362124562263489,-0.5179175138473511],"on_ground":false,"pitch":1.0,"roll":-1.0,"steer":0.0,"supersonic":false,"throttle":0.0,"time":384.52398681640625,"v":[0.0,0.0,-8.830924034118652],"w":[4.963929176330566,-2.015336513519287,-1.2419214248657227],"x":[0.0,0.0,999.89306640625],"yaw":-1.0}
{"boost":false,"boost_left":100,"dodge_dir":[0.0,1.9056897737615988e+38],"dodge_timer":-1.0,"double_jumped":false,"handbrake":false,"jump":false,"jump_timer":-1.0,"jumped":false,"o":[0.6964236497879028,-0.4665316641330719,0.5452910661697388,-0.6900432109832764,-0.22668230533599854,0.6873539686203003,-0.1970645785331726,-0.8549639582633972,-0.4797939360141754],"on_ground":false,"pitch":1.0,"roll":-1.0,"steer":0.0,"supersonic":false,"throttle":0.0,"time":384.5323181152344,"v":[0.0,0.0,-3.420724391937256],"w":[4.966273307800293,-2.0817556381225586,-1.1167725324630737],"x":[0.0,0.0,999.9683837890625],"yaw":-1.0}
{"boost":false,"boost_left":100,"dodge_dir":[0.0,1.9056897737615988e+38],"dodge_timer":-1.0,"double_jumped":false,"handbrake":false,"jump":false,"jump_timer":-1.0,"jumped":false,"o":[0.6934278607368469,-0.4371786117553711,0.5727413296699524,-0.6831335425376892,-0.1461576372385025,0.7155182957649231,-0.22909876704216003,-0.8874191641807556,-0.4000011384487152],"on_ground":false,"pitch":1.0,"roll":-1.0,"steer":0.0,"supersonic":false,"throttle":0.0,"time":384.5489807128906,"v":[0.0,0.0,-8.831424713134766],"w":[4.953528881072998,-2.2211520671844482,-0.8798816204071045],"x":[0.0,0.0,999.89306640625],"yaw":-1.0}
{"boost":false,"boost_left":100,"dodge_dir":[0.0,1.9056897737615988e+38],"dodge_timer":-1.0,"double_jumped":false,"handbrake":false,"jump":false,"jump_timer":-1.0,"jumped":false,"o":[0.6936092376708984,-0.4206048548221588,0.5848057270050049,-0.6777004599571228,-0.10581128299236298,0.7276854515075684,-0.24418899416923523,-0.9010524153709412,-0.3584357798099518],"on_ground":false,"pitch":1.0,"roll":-1.0,"steer":0.0,"supersonic":false,"throttle":0.0,"time":384.55731201171875,"v":[0.0,0.0,-3.4212260246276855],"w":[4.938977241516113,-2.2936291694641113,-0.7685761451721191],"x":[0.0,0.0,999.9683837890625],"yaw":-1.0}
{"boost":false,"boost_left":100,"dodge_dir":[0.0,1.9056897737615988e+38],"dodge_timer":-1.0,"double_jumped":false,"handbrake":false,"jump":false,"jump_timer":-1.0,"jumped":false,"o":[0.6948449015617371,-0.40277278423309326,0.5957890748977661,-0.6711384057998657,-0.0655151903629303,0.738431453704834,-0.25838685035705566,-0.9129522442817688,-0.3158392012119293],"on_ground":false,"pitch":1.0,"roll":-1.0,"steer":0.0,"supersonic":false,"throttle":0.0,"time":384.5656433105469,"v":[0.0,0.0,-3.4213919639587402],"w":[4.919442176818848,-2.3676795959472656,-0.6622975468635559],"x":[0.0,0.0,999.9683837890625],"yaw":-1.0}
{"boost":false,"boost_left":100,"dodge_dir":[0.0,1.9056897737615988e+38],"dodge_timer":-1.0,"double_jumped":false,"handbrake":false,"jump":false,"jump_timer":-1.0,"jumped":false,"o":[0.697193443775177,-0.38394153118133545,0.6054008603096008,-0.6634011268615723,-0.025477692484855652,0.7478300929069519,-0.27169880270957947,-0.9230058789253235,-0.2724701166152954],"on_ground":false,"pitch":1.0,"roll":-1.0,"steer":0.0,"supersonic":false,"throttle":0.0,"time":384.573974609375,"v":[0.0,0.0,-8.831926345825195],"w":[4.895169258117676,-2.4429776668548584,-0.5612457394599915],"x":[0.0,0.0,999.89306640625],"yaw":-1.0}
{"boost":false,"boost_left":100,"dodge_dir":[0.0,1.9056897737615988e+38],"dodge_timer":-1.0,"double_jumped":false,"handbrake":false,"jump":false,"jump_timer":-1.0,"jumped":false,"o":[0.7005354762077332,-0.36409521102905273,0.6137465238571167,-0.6546536684036255,0.014435812830924988,0.7557911276817322,-0.28403985500335693,-0.9312498569488525,-0.22824347019195557],"on_ground":false,"pitch":1.0,"roll":-1.0,"steer":0.0,"supersonic":false,"throttle":0.0,"time":384.5823059082031,"v":[0.0,0.0,-3.421724796295166],"w":[4.866449356079102,-2.5193123817443848,-0.46555742621421814],"x":[0.0,0.0,999.9683227539063],"yaw":-1.0}
{"boost":false,"boost_left":100,"dodge_dir":[0.0,1.9056897737615988e+38],"dodge_timer":-1.0,"double_jumped":false,"handbrake":false,"jump":false,"jump_timer":-1.0,"jumped":false,"o":[0.7048391103744507,-0.3433607220649719,0.6207296252250671,-0.6450101733207703,0.05397355556488037,0.7622655034065247,-0.2952350080013275,-0.937651515007019,-0.18342848122119904],"on_ground":false,"pitch":1.0,"roll":-1.0,"steer":0.0,"supersonic":false,"throttle":0.0,"time":384.59063720703125,"v":[0.0,0.0,-3.42189359664917],"w":[4.833619117736816,-2.5964572429656982,-0.37539592385292053],"x":[0.0,0.0,999.9683227539063],"yaw":-1.0}
{"boost":false,"boost_left":100,"dodge_dir":[0.0,1.9056897737615988e+38],"dodge_timer":-1.0,"double_jumped":false,"handbrake":false,"jump":false,"jump_timer":-1.0,"jumped":false,"o":[0.7100958824157715,-0.3218171298503876,0.6262567639350891,-0.6344754695892334,0.09319298714399338,0.7673043608665466,-0.3052944242954254,-0.9422042369842529,-0.13800913095474243],"on_ground":false,"pitch":1.0,"roll":-1.0,"steer":0.0,"supersonic":false,"throttle":0.0,"time":384.5989685058594,"v":[0.0,0.0,-3.4220595359802246],"w":[4.796977996826172,-2.6741127967834473,-0.29089808464050293],"x":[0.0,0.0,999.9683227539063],"yaw":-1.0}
{"boost":false,"boost_left":100,"dodge_dir":[0.0,1.9056897737615988e+38],"dodge_timer":-1.0,"double_jumped":false,"handbrake":false,"jump":false,"jump_timer":-1.0,"jumped":false,"o":[0.7231395244598389,-0.27642080187797546,0.6329777836799622,-0.6113158464431763,0.17042797803878784,0.7728177905082703,-0.3215000033378601,-0.9458044171333313,-0.045737188309431076],"on_ground":false,"pitch":1.0,"roll":-1.0,"steer":0.0,"supersonic":false,"throttle":0.0,"time":384.6156311035156,"v":[0.0,0.0,-8.832762718200684],"w":[4.713590621948242,-2.8300440311431885,-0.13906656205654144],"x":[0.0,0.0,999.89306640625],"yaw":-1.0}
{"boost":false,"boost_left":100,"dodge_dir":[0.0,1.9056897737615988e+38],"dodge_timer":-1.0,"double_jumped":false,"handbrake":false,"jump":false,"jump_timer":-1.0,"jumped":false,"o":[0.730819046497345,-0.2528926730155945,0.6339943408966064,-0.5988302230834961,0.2082107961177826,0.7733373641967773,-0.32757583260536194,-0.9448245763778687,0.0007246322929859161],"on_ground":false,"pitch":1.0,"roll":-0.421875,"steer":0.0,"supersonic":false,"throttle":0.0,"time":384.62396240234375,"v":[0.0,0.0,-3.4225611686706543],"w":[4.667581558227539,-2.9077935218811035,-0.07183299958705902],"x":[0.0,0.0,999.9683227539063],"yaw":-1.0}
{"boost":false,"boost_left":100,"dodge_dir":[0.0,1.9056897737615988e+38],"dodge_timer":-1.0,"double_jumped":false,"handbrake":false,"jump":false,"jump_timer":-1.0,"jumped":false,"o":[0.7482467889785767,-0.20632337033748627,0.6305215358734131,-0.5723664164543152,0.27978986501693726,0.7707881331443787,-0.3354451358318329,-0.9376291036605835,0.09125932306051254],"on_ground":false,"pitch":1.0,"roll":-1.0,"steer":0.0,"supersonic":false,"throttle":0.0,"time":384.640625,"v":[0.0,0.0,-8.833263397216797],"w":[4.526544094085693,-3.0039658546447754,0.14572614431381226],"x":[0.0,0.0,999.89306640625],"yaw":-1.0}
{"boost":false,"boost_left":100,"dodge_dir":[0.0,1.9056897737615988e+38],"dodge_timer":-1.0,"double_jumped":false,"handbrake":false,"jump":false,"jump_timer":-1.0,"jumped":false,"o":[0.7580289840698242,-0.1825653314590454,0.6261484622955322,-0.5582596063613892,0.31479594111442566,0.7676260471343994,-0.33725088834762573,-0.9314361810684204,0.13670560717582703],"on_ground":false,"pitch":0.913385808467865,"roll":-0.0703125,"steer":0.0,"supersonic":false,"throttle":0.0,"time":384.6489562988281,"v":[0.0,0.0,-3.423062324523926],"w":[4.505088806152344,-3.0966498851776123,0.21766318380832672],"x":[0.0,0.0,999.9683227539063],"yaw":-1.0}
{"boost":false,"boost_left":100,"dodge_dir":[0.0,1.9056897737615988e+38],"dodge_timer":-1.0,"double_jumped":false,"handbrake":false,"jump":false,"jump_timer":-1.0,"jumped":false,"o":[0.7791692614555359,-0.1365528553724289,0.6117586493492126,-0.5289857983589172,0.3803195357322693,0.7586376667022705,-0.3362578749656677,-0.914718747138977,0.22409877181053162],"on_ground":false,"pitch":1.0,"roll":-0.390625,"steer":0.0,"supersonic":false,"throttle":0.0,"time":384.6656188964844,"v":[0.0,0.0,-8.833762168884277],"w":[4.2335004806518555,-3.1264853477478027,0.44853296875953674],"x":[0.0,0.0,999.8930053710938],"yaw":-1.0}
{"boost":false,"boost_left":100,"dodge_dir":[0.0,1.9056897737615988e+38],"dodge_timer":-1.0,"double_jumped":false,"handbrake":false,"jump":false,"jump_timer":-1.0,"jumped":false,"o":[0.7903969287872314,-0.11437858641147614,0.6018224954605103,-0.5138860940933228,0.41096657514572144,0.7530122995376587,-0.33345741033554077,-0.9044468402862549,0.2660491466522217],"on_ground":false,"pitch":0.5669291019439697,"roll":0.27559053897857666,"steer":0.0,"supersonic":false,"throttle":0.0,"time":384.6739501953125,"v":[0.0,0.0,-3.4235634803771973],"w":[4.119305610656738,-3.1660561561584473,0.5571150779724121],"x":[0.0,0.0,999.9683227539063],"yaw":-1.0}
{"boost":false,"boost_left":100,"dodge_dir":[0.0,1.9056897737615988e+38],"dodge_timer":-1.0,"double_jumped":false,"handbrake":false,"jump":false,"jump_timer":-1.0,"jumped":false,"o":[0.8133552074432373,-0.07316069304943085,0.5771488547325134,-0.48359283804893494,0.46646547317504883,0.7406401634216309,-0.32340580224990845,-0.8815086483955383,0.34402212500572205],"on_ground":false,"pitch":1.0,"roll":0.22834645211696625,"steer":0.0,"supersonic":false,"throttle":0.0,"time":384.69061279296875,"v":[0.0,0.0,-8.834263801574707],"w":[3.667860746383667,-3.0849461555480957,0.7529041171073914],"x":[0.0,0.0,999.8930053710938],"yaw":-1.0}
{"boost":false,"boost_left":100,"dodge_dir":[0.0,1.9056897737615988e+38],"dodge_timer":-1.0,"double_jumped":false,"handbrake":false,"jump":false,"jump_timer":-1.0,"jumped":false,"o":[0.8249692320823669,-0.054334163665771484,0.5625597834587097,-0.4684891998767853,0.4910290241241455,0.7344442009925842,-0.3161386251449585,-0.8694471120834351,0.37962886691093445],"on_ground":false,"pitch":0.25196850299835205,"roll":0.5905511975288391,"steer":0.0,"supersonic":false,"throttle":0.0,"time":384.6989440917969,"v":[0.0,0.0,-3.424065113067627],"w":[3.4281439781188965,-3.0582942962646484,0.875754714012146],"x":[0.0,0.0,999.9683227539063],"yaw":-1.0}
{"boost":false,"boost_left":100,"dodge_dir":[0.0,1.9056897737615988e+38],"dodge_timer":-1.0,"double_jumped":false,"handbrake":false,"jump":false,"jump_timer":-1.0,"jumped":false,"o":[0.8364443182945251,-0.0369272381067276,0.5468064546585083,-0.4536055028438568,0.5132949352264404,0.7285398840904236,-0.3075759708881378,-0.8574174642562866,0.41259223222732544],"on_ground":false,"pitch":0.25196850299835205,"roll":0.5905511975288391,"steer":0.0,"supersonic":false,"throttle":0.0,"time":384.707275390625,"v":[0.0,0.0,-3.4242312908172607],"w":[3.135199546813965,-2.9836370944976807,0.9666085839271545],"x":[0.0,0.0,999.9683227539063],"yaw":-1.0}
{"boost":false,"boost_left":100,"dodge_dir":[0.0,1.9056897737615988e+38],"dodge_timer":-1.0,"double_jumped":false,"handbrake":false,"jump":false,"jump_timer":-1.0,"jumped":false,"o":[0.8474925756454468,-0.020964786410331726,0.5303929448127747,-0.43939968943595886,0.532883882522583,0.7231615781784058,-0.297798752784729,-0.8459286689758301,0.44240322709083557],"on_ground":false,"pitch":0.7559055089950562,"roll":0.6850393414497375,"steer":0.0,"supersonic":false,"throttle":0.0,"time":384.7156066894531,"v":[0.0,0.0,-3.4243977069854736],"w":[2.8123116493225098,-2.87717866897583,1.02288818359375],"x":[0.0,0.0,999.9683227539063],"yaw":-1.0}
{"boost":false,"boost_left":100,"dodge_dir":[0.0,1.9056897737615988e+38],"dodge_timer":-1.0,"double_jumped":false,"handbrake":false,"jump":false,"jump_timer":-1.0,"jumped":false,"o":[0.8583442568778992,-0.0064182281494140625,0.5130341053009033,-0.4253707528114319,0.5502098202705383,0.7185602784156799,-0.2868882715702057,-0.8350017666816711,0.4695392847061157],"on_ground":false,"pitch":0.4645669162273407,"roll":0.8976377844810486,"steer":0.0,"supersonic":false,"throttle":0.0,"time":384.72393798828125,"v":[0.0,0.0,-8.834931373596191],"w":[2.4831185340881348,-2.8005239963531494,1.1193958520889282],"x":[0.0,0.0,999.8930053710938],"yaw":-1.0}
{"boost":false,"boost_left":100,"dodge_dir":[0.0,1.9056897737615988e+38],"dodge_timer":-1.0,"double_jumped":false,"handbrake":false,"jump":false,"jump_timer":-1.0,"jumped":false,"o":[0.8689653277397156,0.006676584482192993,0.4948280453681946,-0.41160184144973755,0.5648776888847351,0.7151902914047241,-0.2747422754764557,-0.8251476287841797,0.49360716342926025],"on_ground":false,"pitch":0.26771652698516846,"roll":1.0,"steer":0.0,"supersonic":false,"throttle":0.0,"time":384.7322692871094,"v":[0.0,0.0,-3.4247326850891113],"w":[2.1166622638702393,-2.711136817932129,1.2213259935379028],"x":[0.0,0.0,999.9683227539063],"yaw":-1.0}
{"boost":false,"boost_left":100,"dodge_dir":[0.0,1.9056897737615988e+38],"dodge_timer":-1.0,"double_jumped":false,"handbrake":false,"jump":false,"jump_timer":-1.0,"jumped":false,"o":[0.8791121244430542,0.018312931060791016,0.4762630760669708,-0.3983882665634155,0.5767560005187988,0.7131894826889038,-0.2616270184516907,-0.8167111873626709,0.5143288373947144],"on_ground":false,"pitch":0.06299212574958801,"roll":1.0,"steer":0.0,"supersonic":false,"throttle":0.0,"time":384.7406005859375,"v":[0.0,0.0,-3.424898862838745],"w":[1.7209635972976685,-2.5930378437042236,1.2932465076446533],"x":[0.0,0.0,999.9683227539063],"yaw":-1.0}
{"boost":false,"boost_left":100,"dodge_dir":[0.0,1.9056897737615988e+38],"dodge_timer":-1.0,"double_jumped":false,"handbrake":false,"jump":false,"jump_timer":-1.0,"jumped":false,"o":[0.8976292610168457,0.03762081265449524,0.4391428232192993,-0.37382829189300537,0.5927891135215759,0.7133396863937378,-0.23348264396190643,-0.8044785857200623,0.5461685061454773],"on_ground":false,"pitch":-0.4140625,"roll":1.0,"steer":0.0,"supersonic":false,"throttle":0.0,"time":384.75726318359375,"v":[0.0,0.0,-8.835600852966309],"w":[0.9459172487258911,-2.336972236633301,1.3469290733337402],"x":[0.0,0.0,999.8930053710938],"yaw":-1.0}
{"boost":false,"boost_left":100,"dodge_dir":[0.0,1.9056897737615988e+38],"dodge_timer":-1.0,"double_jumped":false,"handbrake":false,"jump":false,"jump_timer":-1.0,"jumped":false,"o":[0.9059385657310486,0.045708924531936646,0.420934796333313,-0.36259451508522034,0.597099781036377,0.715539813041687,-0.2186334878206253,-0.8008636832237244,0.5575094819068909],"on_ground":false,"pitch":-1.0,"roll":0.5590550899505615,"steer":0.0,"supersonic":false,"throttle":0.0,"time":384.7655944824219,"v":[0.0,0.0,-3.4254002571105957],"w":[0.5777884721755981,-2.211027145385742,1.3396555185317993],"x":[0.0,0.0,999.9683227539063],"yaw":-1.0}
{"boost":false,"boost_left":100,"dodge_dir":[0.0,1.9056897737615988e+38],"dodge_timer":-1.0,"double_jumped":false,"handbrake":false,"jump":false,"jump_timer":-1.0,"jumped":false,"o":[0.9202402234077454,0.06088094413280487,0.38658955693244934,-0.3430674076080322,0.600825309753418,0.72202068567276,-0.18831545114517212,-0.7970587015151978,0.5737898349761963],"on_ground":false,"pitch":-1.0,"roll":0.9291338324546814,"steer":0.0,"supersonic":false,"throttle":0.0,"time":384.7822570800781,"v":[0.0,0.0,-8.836102485656738],"w":[0.0884217619895935,-2.0288147926330566,1.1985427141189575],"x":[0.0,0.0,999.8930053710938],"yaw":-1.0}
{"boost":false,"boost_left":100,"dodge_dir":[0.0,1.9056897737615988e+38],"dodge_timer":-1.0,"double_jumped":false,"handbrake":false,"jump":false,"jump_timer":-1.0,"jumped":false,"o":[0.9263019561767578,0.06808950006961823,0.37057873606681824,-0.33474576473236084,0.6001681089401245,0.7264596223831177,-0.17294524610042572,-0.7969706058502197,0.578729510307312],"on_ground":false,"pitch":-1.0,"roll":0.33070865273475647,"steer":0.0,"supersonic":false,"throttle":0.0,"time":384.79058837890625,"v":[0.0,0.0,-3.425901412963867],"w":[-0.18831758201122284,-1.9268625974655151,1.1236501932144165],"x":[0.0,0.0,999.9683227539063],"yaw":-1.0}
{"boost":false,"boost_left":100,"dodge_dir":[0.0,1.9056897737615988e+38],"dodge_timer":-1.0,"double_jumped":false,"handbrake":false,"jump":false,"jump_timer":-1.0,"jumped":false,"o":[0.9364582896232605,0.08282103389501572,0.340861439704895,-0.32075774669647217,0.5955126881599426,0.7365317940711975,-0.14198699593544006,-0.7990652322769165,0.5842382907867432],"on_ground":false,"pitch":-1.0,"roll":0.5748031735420227,"steer":0.0,"supersonic":false,"throttle":0.0,"time":384.8072509765625,"v":[0.0,0.0,-8.836601257324219],"w":[-0.5030972361564636,-1.8142955303192139,0.9200883507728577],"x":[0.0,0.0,999.8930053710938],"yaw":-1.0}
{"boost":false,"boost_left":100,"dodge_dir":[0.0,1.9056897737615988e+38],"dodge_timer":-1.0,"double_jumped":false,"handbrake":false,"jump":false,"jump_timer":-1.0,"jumped":false,"o":[0.9405790567398071,0.09048757702112198,0.3272964358329773,-0.3151323199272156,0.5916570425033569,0.7420468330383301,-0.126501202583313,-0.8010954260826111,0.5850157737731934],"on_ground":false,"pitch":-0.9296875,"roll":0.11811023950576782,"steer":0.0,"supersonic":false,"throttle":0.0,"time":384.8155822753906,"v":[0.0,0.0,-3.426403045654297],"w":[-0.66487056016922,-1.7588999271392822,0.8143140077590942],"x":[0.0,0.0,999.9683227539063],"yaw":-0.7890625}
{"boost":false,"boost_left":100,"dodge_dir":[0.0,1.9056897737615988e+38],"dodge_timer":-1.0,"double_jumped":false,"handbrake":false,"jump":false,"jump_timer":-1.0,"jumped":false,"o":[0.9441391825675964,0.09853508323431015,0.31447091698646545,-0.3102959394454956,0.5871807336807251,0.7476196885108948,-0.11098449677228928,-0.8034361600875854,0.5849553942680359],"on_ground":false,"pitch":-0.9296875,"roll":0.11811023950576782,"steer":0.0,"supersonic":false,"throttle":0.0,"time":384.82391357421875,"v":[0.0,0.0,-3.4265692234039307],"w":[-0.755664050579071,-1.7193351984024048,0.7073947191238403],"x":[0.0,0.0,999.9683227539063],"yaw":-0.7890625}
{"boost":false,"boost_left":100,"dodge_dir":[0.0,1.9056897737615988e+38],"dodge_timer":-1.0,"double_jumped":false,"handbrake":false,"jump":false,"jump_timer":-1.0,"jumped":false,"o":[0.9471331834793091,0.10694912075996399,0.30249080061912537,-0.30625709891319275,0.5823848247528076,0.7530169486999512,-0.09563156217336655,-0.8058472871780396,0.5843499302864075],"on_ground":false,"pitch":-0.9140625,"roll":0.21259842813014984,"steer":0.0,"supersonic":false,"throttle":0.0,"time":384.8322448730469,"v":[0.0,0.0,-8.837102890014648],"w":[-0.7893819212913513,-1.6943943500518799,0.5977746844291687],"x":[0.0,0.0,999.8930053710938],"yaw":-1.0}
{"boost":false,"boost_left":100,"dodge_dir":[0.0,1.9056897737615988e+38],"dodge_timer":-1.0,"double_jumped":false,"handbrake":false,"jump":false,"jump_timer":-1.0,"jumped":false,"o":[0.9495939612388611,0.11587545275688171,0.29128044843673706,-0.3030353784561157,0.5771905183792114,0.7583011984825134,-0.08025583624839783,-0.8083464503288269,0.5832110047340393],"on_ground":false,"pitch":-0.84375,"roll":0.031496062874794006,"steer":0.0,"supersonic":false,"throttle":0.0,"time":384.840576171875,"v":[0.0,0.0,-3.4269042015075684],"w":[-0.8425759077072144,-1.6747702360153198,0.48252469301223755],"x":[0.0,0.0,999.9683227539063],"yaw":-1.0}
{"boost":false,"boost_left":100,"dodge_dir":[0.0,1.9056897737615988e+38],"dodge_timer":-1.0,"double_jumped":false,"handbrake":false,"jump":false,"jump_timer":-1.0,"jumped":false,"o":[0.951500654220581,0.1253938227891922,0.2809319794178009,-0.30073150992393494,0.5716277360916138,0.7634149193763733,-0.0648609921336174,-0.8108749389648438,0.5816140174865723],"on_ground":false,"pitch":-0.8125,"roll":-0.0703125,"steer":0.0,"supersonic":false,"throttle":0.0,"time":384.8489074707031,"v":[0.0,0.0,-3.4270706176757813],"w":[-0.8707801103591919,-1.6720300912857056,0.36323437094688416],"x":[0.0,0.0,999.9683227539063],"yaw":-0.8984375}
{"boost":false,"boost_left":100,"dodge_dir":[0.0,1.9056897737615988e+38],"dodge_timer":-1.0,"double_jumped":false,"handbrake":false,"jump":false,"jump_timer":-1.0,"jumped":false,"o":[0.9529219269752502,0.13561740517616272,0.27119699120521545,-0.29917216300964355,0.5661064982414246,0.7681272625923157,-0.04935494437813759,-0.8130998611450195,0.5800281763076782],"on_ground":false,"pitch":-0.7890625,"roll":-0.1640625,"steer":0.0,"supersonic":false,"throttle":0.0,"time":384.85723876953125,"v":[0.0,0.0,-3.427236795425415],"w":[-0.8555752635002136,-1.6802804470062256,0.2471676468849182],"x":[0.0,0.0,999.9683227539063],"yaw":-0.59375}
{"boost":false,"boost_left":100,"dodge_dir":[0.0,1.9056897737615988e+38],"dodge_timer":-1.0,"double_jumped":false,"handbrake":false,"jump":false,"jump_timer":-1.0,"jumped":false,"o":[0.9543744921684265,0.15752862393856049,0.25368115305900574,-0.29802069067955017,0.5559253096580505,0.7759708166122437,-0.01879015751183033,-0.8161689639091492,0.5775076746940613],"on_ground":false,"pitch":-0.796875,"roll":-0.2109375,"steer":0.0,"supersonic":false,"throttle":0.0,"time":384.8739013671875,"v":[0.0,0.0,-8.83793830871582],"w":[-0.7405495643615723,-1.6793729066848755,0.050366148352622986],"x":[0.0,0.0,999.8929443359375],"yaw":-0.3046875}
