{"boost":false,"boost_left":46,"dodge_dir":[0.0,-176.8231201171875],"dodge_timer":-1.0,"double_jumped":false,"handbrake":false,"jump":false,"jump_timer":-1.0,"jumped":false,"o":[-0.9922440648078918,-0.12393300235271454,-0.009608452208340168,0.12392719089984894,-0.9922906160354614,0.0012000560527667403,-0.009683103300631046,-0.0,0.9999530911445618],"on_ground":true,"pitch":0.0,"roll":0.0,"steer":0.0,"supersonic":false,"throttle":0.0,"time":11279.9873046875,"v":[0.0,0.0,8.321000099182129],"w":[0.0004099999787285924,0.0004099999787285924,0.0],"x":[164.5699920654297,-208.87998962402344,17.010000228881836],"yaw":0.0}
{"boost":false,"boost_left":46,"dodge_dir":[0.0,-176.8231201171875],"dodge_timer":-1.0,"double_jumped":false,"handbrake":false,"jump":false,"jump_timer":-1.0,"jumped":false,"o":[-0.9922440648078918,-0.12393300235271454,-0.009608452208340168,0.12392719089984894,-0.9922906160354614,0.0012000560527667403,-0.009683103300631046,-0.0,0.9999530911445618],"on_ground":true,"pitch":0.0,"roll":0.0,"steer":0.0,"supersonic":false,"throttle":0.0,"time":11279.99609375,"v":[0.0,0.0,8.321000099182129],"w":[0.0004099999787285924,0.0004099999787285924,0.0],"x":[164.5699920654297,-208.87998962402344,17.010000228881836],"yaw":0.0}
{"boost":false,"boost_left":46,"dodge_dir":[0.0,-176.8231201171875],"dodge_timer":-1.0,"double_jumped":false,"handbrake":false,"jump":false,"jump_timer":-1.0,"jumped":false,"o":[-0.9922440648078918,-0.12393300235271454,-0.009608452208340168,0.12392719089984894,-0.9922906160354614,0.0012000560527667403,-0.009683103300631046,-0.0,0.9999530911445618],"on_ground":false,"pitch":0.0,"roll":0.0,"steer":0.0,"supersonic":false,"throttle":0.0,"time":11280.0048828125,"v":[0.0,0.0,-1.8618896007537842],"w":[0.0004099999787285924,0.0004099999787285924,0.0],"x":[0.0,0.0,999.9839477539063],"yaw":0.0}
{"boost":false,"boost_left":46,"dodge_dir":[0.0,-176.8231201171875],"dodge_timer":-1.0,"double_jumped":false,"handbrake":false,"jump":false,"jump_timer":-1.0,"jumped":false,"o":[-0.9922202825546265,-0.1241176575422287,-0.009679621085524559,0.12411738932132721,-0.992267370223999,0.000631103350315243,-0.009683103300631046,-0.0005752157303504646,0.9999529123306274],"on_ground":false,"pitch":0.0,"roll":0.0,"steer":0.0,"supersonic":false,"throttle":0.0,"time":11280.013671875,"v":[0.0,0.0,-1.2557958364486694],"w":[0.07281959801912308,-0.01946086250245571,-0.016897892579436302],"x":[0.0,0.0,999.9884033203125],"yaw":0.0}
{"boost":false,"boost_left":46,"dodge_dir":[0.0,-176.8231201171875],"dodge_timer":-1.0,"double_jumped":false,"handbrake":false,"jump":false,"jump_timer":-1.0,"jumped":false,"o":[-0.9921201467514038,-0.12484464794397354,-0.010561740025877953,0.12487778812646866,-0.9921689629554749,-0.0025357999838888645,-0.010162447579205036,-0.003834744682535529,0.9999410510063171],"on_ground":false,"pitch":0.0,"roll":0.0,"steer":0.0,"supersonic":false,"throttle":0.0,"time":11280.0224609375,"v":[0.0,0.0,-1.2772412300109863],"w":[0.38308197259902954,-0.1048961728811264,-0.09001769870519638],"x":[0.0,0.0,999.9881591796875],"yaw":0.0}
{"boost":false,"boost_left":46,"dodge_dir":[0.0,-176.8231201171875],"dodge_timer":-1.0,"double_jumped":false,"handbrake":false,"jump":false,"jump_timer":-1.0,"jumped":false,"o":[-0.991930365562439,-0.12619800865650177,-0.012171627022325993,0.1263033151626587,-0.9919568300247192,-0.008308103308081627,-0.011025262996554375,-0.00977837760001421,0.9998914003372192],"on_ground":false,"pitch":0.0,"roll":0.0,"steer":0.0,"supersonic":false,"throttle":0.0,"time":11280.03125,"v":[0.0,0.0,-1.3241844177246094],"w":[0.682020366191864,-0.18948468565940857,-0.16359908878803253],"x":[0.0,0.0,999.9877319335938],"yaw":0.0}
{"boost":false,"boost_left":46,"dodge_dir":[0.0,-176.8231201171875],"dodge_timer":-1.0,"double_jumped":false,"handbrake":false,"jump":false,"jump_timer":-1.0,"jumped":false,"o":[-0.9916462302207947,-0.12816117703914642,-0.014577282592654228,0.1283932775259018,-0.9915896058082581,-0.016286348924040794,-0.01236740406602621,-0.018021920695900917,0.9997611045837402],"on_ground":false,"pitch":0.0,"roll":0.0,"steer":0.0,"supersonic":false,"throttle":0.0,"time":11280.0400390625,"v":[0.0,0.0,-1.3412152528762817],"w":[0.9663780331611633,-0.27884554862976074,-0.2370283156633377],"x":[0.0,0.0,999.9876098632813],"yaw":0.0}
{"boost":false,"boost_left":46,"dodge_dir":[0.0,-176.8231201171875],"dodge_timer":-1.0,"double_jumped":false,"handbrake":false,"jump":false,"jump_timer":-1.0,"jumped":false,"o":[-0.9912740588188171,-0.1306060403585434,-0.017829816788434982,0.13105158507823944,-0.9910172820091248,-0.026651212945580482,-0.014188846573233604,-0.028755279257893562,0.9994857907295227],"on_ground":false,"pitch":0.0,"roll":0.0,"steer":0.0,"supersonic":false,"throttle":0.0,"time":11280.048828125,"v":[0.0,0.0,-1.353829264640808],"w":[1.2366868257522583,-0.38338303565979004,-0.3108998239040375],"x":[0.0,0.0,999.9874877929688],"yaw":0.0}
{"boost":false,"boost_left":46,"dodge_dir":[0.0,-176.8231201171875],"dodge_timer":-1.0,"double_jumped":false,"handbrake":false,"jump":false,"jump_timer":-1.0,"jumped":false,"o":[-0.9907776713371277,-0.13367967307567596,-0.022122472524642944,0.13446708023548126,-0.9901474714279175,-0.03907281160354614,-0.01668126881122589,-0.04168721288442612,0.9989914894104004],"on_ground":false,"pitch":0.0,"roll":0.0,"steer":0.0,"supersonic":false,"throttle":0.0,"time":11280.0576171875,"v":[0.0,0.0,-1.3937454223632813],"w":[1.4949798583984375,-0.5031116008758545,-0.38603124022483826],"x":[0.0,0.0,999.9871215820313],"yaw":0.0}
{"boost":false,"boost_left":46,"dodge_dir":[0.0,-176.8231201171875],"dodge_timer":-1.0,"double_jumped":false,"handbrake":false,"jump":false,"jump_timer":-1.0,"jumped":false,"o":[-0.9901557564735413,-0.13722366094589233,-0.027590032666921616,0.13854213058948517,-0.9889096021652222,-0.053515683859586716,-0.01994042843580246,-0.056811243295669556,0.9981857538223267],"on_ground":false,"pitch":0.0,"roll":0.0,"steer":0.0,"supersonic":false,"throttle":0.0,"time":11280.06640625,"v":[0.0,0.0,-1.4051547050476074],"w":[1.739391803741455,-0.6334260106086731,-0.4618499279022217],"x":[0.0,0.0,999.9869995117188],"yaw":0.0}
{"boost":false,"boost_left":46,"dodge_dir":[0.0,-176.8231201171875],"dodge_timer":-1.0,"double_jumped":false,"handbrake":false,"jump":false,"jump_timer":-1.0,"jumped":false,"o":[-0.9893010854721069,-0.14165234565734863,-0.0349009670317173,0.14384214580059052,-0.9870293140411377,-0.07129242271184921,-0.02434953860938549,-0.0755499005317688,0.9968447089195251],"on_ground":false,"pitch":0.0,"roll":0.0,"steer":0.0,"supersonic":false,"throttle":0.0,"time":11280.0751953125,"v":[0.0,0.0,-1.8654547929763794],"w":[1.9915860891342163,-0.7775139212608337,-0.545093834400177],"x":[0.0,0.0,999.9827270507813],"yaw":0.0}
{"boost":false,"boost_left":46,"dodge_dir":[0.0,-176.8231201171875],"dodge_timer":-1.0,"double_jumped":false,"handbrake":false,"jump":false,"jump_timer":-1.0,"jumped":false,"o":[-0.9883304834365845,-0.14616677165031433,-0.042873602360486984,0.14951135218143463,-0.9847044944763184,-0.08946164697408676,-0.029141509905457497,-0.09482777118682861,0.9950670599937439],"on_ground":false,"pitch":0.0,"roll":0.0,"steer":0.0,"supersonic":false,"throttle":0.0,"time":11280.083984375,"v":[0.0,0.0,-1.8656212091445923],"w":[2.2138831615448,-0.9086318016052246,-0.6228064894676208],"x":[0.0,0.0,999.9827270507813],"yaw":0.0}
{"boost":false,"boost_left":46,"dodge_dir":[0.0,-176.8231201171875],"dodge_timer":-1.0,"double_jumped":false,"handbrake":false,"jump":false,"jump_timer":-1.0,"jumped":false,"o":[-0.9871626496315002,-0.15099802613258362,-0.052052125334739685,0.15592440962791443,-0.9817087650299072,-0.10924974083900452,-0.034603532403707504,-0.11596346646547318,0.9926505088806152],"on_ground":false,"pitch":0.0,"roll":0.0,"steer":0.0,"supersonic":false,"throttle":0.0,"time":11280.0927734375,"v":[0.0,0.0,-1.8657875061035156],"w":[2.4267172813415527,-1.038049578666687,-0.701488196849823],"x":[0.0,0.0,999.9827270507813],"yaw":0.0}
{"boost":false,"boost_left":46,"dodge_dir":[0.0,-176.8231201171875],"dodge_timer":-1.0,"double_jumped":false,"handbrake":false,"jump":false,"jump_timer":-1.0,"jumped":false,"o":[-0.9857567548751831,-0.15613102912902832,-0.06250455230474472,0.1631697565317154,-0.9779171347618103,-0.13059015572071075,-0.040735092014074326,-0.13892897963523865,0.9894642233848572],"on_ground":false,"pitch":0.0,"roll":0.0,"steer":0.0,"supersonic":false,"throttle":0.0,"time":11280.1015625,"v":[0.0,0.0,-1.86595618724823],"w":[2.630523681640625,-1.1657328605651855,-0.7812700271606445],"x":[0.0,0.0,999.9827270507813],"yaw":0.0}
{"boost":false,"boost_left":46,"dodge_dir":[0.0,-176.8231201171875],"dodge_timer":-1.0,"double_jumped":false,"handbrake":false,"jump":false,"jump_timer":-1.0,"jumped":false,"o":[-0.9840908646583557,-0.16148021817207336,-0.07409043610095978,0.17124195396900177,-0.9732219576835632,-0.15334686636924744,-0.04734395444393158,-0.16359463334083557,0.9853909611701965],"on_ground":false,"pitch":0.0,"roll":0.0,"steer":0.0,"supersonic":false,"throttle":0.0,"time":11280.1103515625,"v":[0.0,0.0,-1.8661224842071533],"w":[2.825732707977295,-1.2915470600128174,-0.862220823764801],"x":[0.0,0.0,999.9827270507813],"yaw":0.0}
{"boost":false,"boost_left":46,"dodge_dir":[0.0,-176.8231201171875],"dodge_timer":-1.0,"double_jumped":false,"handbrake":false,"jump":false,"jump_timer":-1.0,"jumped":false,"o":[-0.9821128249168396,-0.16699939966201782,-0.08698038756847382,0.18022595345973969,-0.9674933552742004,-0.17741262912750244,-0.054525136947631836,-0.18991534411907196,0.9802852869033813],"on_ground":false,"pitch":0.0,"roll":0.0,"steer":0.0,"supersonic":false,"throttle":0.0,"time":11280.119140625,"v":[0.0,0.0,-1.8662889003753662],"w":[3.0126793384552,-1.4153610467910767,-0.9444717168807983],"x":[0.0,0.0,999.9827270507813],"yaw":0.0}
{"boost":false,"boost_left":46,"dodge_dir":[0.0,-176.8231201171875],"dodge_timer":-1.0,"double_jumped":false,"handbrake":false,"jump":false,"jump_timer":-1.0,"jumped":false,"o":[-0.9797729849815369,-0.1726667732000351,-0.10114879906177521,0.19020593166351318,-0.9606112837791443,-0.20260246098041534,-0.062181953340768814,-0.21774350106716156,0.974023163318634],"on_ground":false,"pitch":0.0,"roll":0.0,"steer":0.0,"supersonic":false,"throttle":0.0,"time":11280.1279296875,"v":[0.0,0.0,-1.8664551973342896],"w":[3.1917290687561035,-1.5371403694152832,-1.0280572175979614],"x":[0.0,0.0,999.9827270507813],"yaw":0.0}
{"boost":false,"boost_left":46,"dodge_dir":[0.0,-176.8231201171875],"dodge_timer":-1.0,"double_jumped":false,"handbrake":false,"jump":false,"jump_timer":-1.0,"jumped":false,"o":[-0.9770363569259644,-0.17835670709609985,-0.11657155305147171,0.20117038488388062,-0.9524556994438171,-0.22881998121738434,-0.07021766155958176,-0.24701617658138275,0.9664639234542847],"on_ground":false,"pitch":0.0,"roll":0.0,"steer":0.0,"supersonic":false,"throttle":0.0,"time":11280.13671875,"v":[0.0,0.0,-1.8666237592697144],"w":[3.3632161617279053,-1.656785249710083,-1.1130428314208984],"x":[0.0,0.0,999.9827270507813],"yaw":0.0}
{"boost":false,"boost_left":46,"dodge_dir":[0.0,-176.8231201171875],"dodge_timer":-1.0,"double_jumped":false,"handbrake":false,"jump":false,"jump_timer":-1.0,"jumped":false,"o":[-0.9738675951957703,-0.18395212292671204,-0.13320483267307281,0.21310579776763916,-0.9429304599761963,-0.2558673620223999,-0.07853555679321289,-0.27756762504577637,0.9574906229972839],"on_ground":false,"pitch":0.0,"roll":0.0,"steer":0.0,"supersonic":false,"throttle":0.0,"time":11280.1455078125,"v":[0.0,0.0,-1.8667900562286377],"w":[3.527540922164917,-1.7741608619689941,-1.1994973421096802],"x":[0.0,0.0,999.9827270507813],"yaw":0.0}
{"boost":false,"boost_left":46,"dodge_dir":[0.0,-176.8231201171875],"dodge_timer":-1.0,"double_jumped":false,"handbrake":false,"jump":false,"jump_timer":-1.0,"jumped":false,"o":[-0.9702017903327942,-0.18940046429634094,-0.1511155664920807,0.2260885387659073,-0.9319383502006531,-0.283504456281662,-0.08713451772928238,-0.3092220425605774,0.9469895958900452],"on_ground":false,"pitch":0.0,"roll":0.0,"steer":0.0,"supersonic":false,"throttle":0.0,"time":11280.154296875,"v":[0.0,0.0,-1.8669564723968506],"w":[3.6850686073303223,-1.88906729221344,-1.2875521183013916],"x":[0.0,0.0,999.9827270507813],"yaw":0.0}
{"boost":false,"boost_left":46,"dodge_dir":[0.0,-176.8231201171875],"dodge_timer":-1.0,"double_jumped":false,"handbrake":false,"jump":false,"jump_timer":-1.0,"jumped":false,"o":[-0.9660066366195679,-0.1945650726556778,-0.17022255063056946,0.24010279774665833,-0.919310986995697,-0.3117981553077698,-0.09582242369651794,-0.34206998348236084,0.9347760677337646],"on_ground":false,"pitch":0.0,"roll":0.0,"steer":0.0,"supersonic":false,"throttle":0.0,"time":11280.1630859375,"v":[0.0,0.0,-1.867125153541565],"w":[3.8361339569091797,-2.001373767852783,-1.3772414922714233],"x":[0.0,0.0,999.9827270507813],"yaw":0.0}
{"boost":false,"boost_left":46,"dodge_dir":[0.0,-176.8231201171875],"dodge_timer":-1.0,"double_jumped":false,"handbrake":false,"jump":false,"jump_timer":-1.0,"jumped":false,"o":[-0.9612184762954712,-0.19942879676818848,-0.19049176573753357,0.2552216053009033,-0.9049767851829529,-0.3404100835323334,-0.10450303554534912,-0.3758260905742645,0.9207789301872253],"on_ground":false,"pitch":0.0,"roll":0.0,"steer":0.0,"supersonic":false,"throttle":0.0,"time":11280.171875,"v":[0.0,0.0,-1.8672914505004883],"w":[3.981102228164673,-2.110976219177246,-1.4686310291290283],"x":[0.0,0.0,999.9827270507813],"yaw":0.0}
{"boost":false,"boost_left":46,"dodge_dir":[0.0,-176.8231201171875],"dodge_timer":-1.0,"double_jumped":false,"handbrake":false,"jump":false,"jump_timer":-1.0,"jumped":false,"o":[-0.9557837843894958,-0.20381870865821838,-0.211979478597641,0.2714196443557739,-0.8888484239578247,-0.3691610097885132,-0.11317569762468338,-0.4103734791278839,0.9048672914505005],"on_ground":false,"pitch":0.0,"roll":0.0,"steer":0.0,"supersonic":false,"throttle":0.0,"time":11280.1806640625,"v":[0.0,0.0,-1.8674577474594116],"w":[4.120274066925049,-2.2176787853240967,-1.5617204904556274],"x":[0.0,0.0,999.9827270507813],"yaw":0.0}
{"boost":false,"boost_left":46,"dodge_dir":[0.0,-176.8231201171875],"dodge_timer":-1.0,"double_jumped":false,"handbrake":false,"jump":false,"jump_timer":-1.0,"jumped":false,"o":[-0.9496673345565796,-0.20765286684036255,-0.23454689979553223,0.2886752188205719,-0.8708637952804565,-0.3978225290775299,-0.12164942175149918,-0.4455069601535797,0.8869751691818237],"on_ground":false,"pitch":0.0,"roll":0.0,"steer":0.0,"supersonic":false,"throttle":0.0,"time":11280.189453125,"v":[0.0,0.0,-1.8676265478134155],"w":[4.256399631500244,-2.311230182647705,-1.651505470275879],"x":[0.0,0.0,999.9827270507813],"yaw":0.0}
{"boost":false,"boost_left":46,"dodge_dir":[0.0,-176.8231201171875],"dodge_timer":-1.0,"double_jumped":false,"handbrake":false,"jump":false,"jump_timer":-1.0,"jumped":false,"o":[-0.9429133534431458,-0.2109130173921585,-0.25774043798446655,0.30689093470573425,-0.8508533239364624,-0.4264581501483917,-0.12935376167297363,-0.48121124505996704,0.8670082092285156],"on_ground":false,"pitch":0.0,"roll":0.0,"steer":0.0,"supersonic":false,"throttle":0.0,"time":11280.1982421875,"v":[0.0,0.0,-1.8677928447723389],"w":[4.395050048828125,-2.3702807426452637,-1.7264530658721924],"x":[0.0,0.0,999.9827270507813],"yaw":0.0}
{"boost":false,"boost_left":46,"dodge_dir":[0.0,-176.8231201171875],"dodge_timer":-1.0,"double_jumped":false,"handbrake":false,"jump":false,"jump_timer":-1.0,"jumped":false,"o":[-0.9355533123016357,-0.213433176279068,-0.2814004421234131,0.3258691430091858,-0.8288799524307251,-0.4547167718410492,-0.13619555532932281,-0.5171114802360535,0.8450126647949219],"on_ground":false,"pitch":0.0,"roll":0.0,"steer":0.0,"supersonic":false,"throttle":0.0,"time":11280.20703125,"v":[0.0,0.0,-1.8679590225219727],"w":[4.532732963562012,-2.3887434005737305,-1.7794543504714966],"x":[0.0,0.0,999.9827270507813],"yaw":0.0}
{"boost":false,"boost_left":46,"dodge_dir":[0.0,-176.8231201171875],"dodge_timer":-1.0,"double_jumped":false,"handbrake":false,"jump":false,"jump_timer":-1.0,"jumped":false,"o":[-0.9277406334877014,-0.2151663452386856,-0.30496034026145935,0.34535717964172363,-0.8047202229499817,-0.48286014795303345,-0.14151246845722198,-0.5532891750335693,0.8208808302879333],"on_ground":false,"pitch":0.0,"roll":0.0,"steer":0.0,"supersonic":false,"throttle":0.0,"time":11280.2158203125,"v":[0.0,0.0,-1.868125319480896],"w":[4.637014865875244,-2.3507866859436035,-1.7940312623977661],"x":[0.0,0.0,999.9827270507813],"yaw":0.0}
{"boost":false,"boost_left":46,"dodge_dir":[0.0,-176.8231201171875],"dodge_timer":-1.0,"double_jumped":false,"handbrake":false,"jump":false,"jump_timer":-1.0,"jumped":false,"o":[-0.9196731448173523,-0.21609914302825928,-0.3278757631778717,0.3649241328239441,-0.7786885499954224,-0.5103671550750732,-0.1450231969356537,-0.5890207290649414,0.7949987053871155],"on_ground":false,"pitch":0.0,"roll":0.0,"steer":0.0,"supersonic":false,"throttle":0.0,"time":11280.224609375,"v":[0.0,0.0,-1.8682941198349],"w":[4.696866512298584,-2.2534866333007813,-1.7622748613357544],"x":[0.0,0.0,999.9827270507813],"yaw":0.0}
{"boost":false,"boost_left":46,"dodge_dir":[0.0,-176.8231201171875],"dodge_timer":-1.0,"double_jumped":false,"handbrake":false,"jump":false,"jump_timer":-1.0,"jumped":false,"o":[-0.9115788340568542,-0.21626079082489014,-0.34965017437934875,0.3841582238674164,-0.7510019540786743,-0.5370460748672485,-0.14644595980644226,-0.6238808631896973,0.7676758766174316],"on_ground":false,"pitch":0.0,"roll":0.0,"steer":0.0,"supersonic":false,"throttle":0.0,"time":11280.2333984375,"v":[0.0,0.0,-1.8684604167938232],"w":[4.767739772796631,-2.1404356956481934,-1.712221622467041],"x":[0.0,0.0,999.9827270507813],"yaw":0.0}
{"boost":false,"boost_left":46,"dodge_dir":[0.0,-176.8231201171875],"dodge_timer":-1.0,"double_jumped":false,"handbrake":false,"jump":false,"jump_timer":-1.0,"jumped":false,"o":[-0.9035312533378601,-0.21550136804580688,-0.3703923225402832,0.40289396047592163,-0.7216373085975647,-0.562952995300293,-0.14597174525260925,-0.6578744649887085,0.7388460040092468],"on_ground":false,"pitch":0.0,"roll":0.0,"steer":0.0,"supersonic":false,"throttle":0.0,"time":11280.2421875,"v":[0.0,0.0,-1.8686267137527466],"w":[4.835626125335693,-2.029813528060913,-1.6557241678237915],"x":[0.0,0.0,999.9827270507813],"yaw":0.0}
{"boost":false,"boost_left":46,"dodge_dir":[0.0,-176.8231201171875],"dodge_timer":-1.0,"double_jumped":false,"handbrake":false,"jump":false,"jump_timer":-1.0,"jumped":false,"o":[-0.8955634832382202,-0.21408115327358246,-0.39004525542259216,0.4211558699607849,-0.6906181573867798,-0.5879408121109009,-0.1435052752494812,-0.690808117389679,0.7086539268493652],"on_ground":false,"pitch":0.0,"roll":0.0,"steer":0.0,"supersonic":false,"throttle":0.0,"time":11280.2509765625,"v":[0.0,0.0,-1.868795394897461],"w":[4.899446487426758,-1.9232605695724487,-1.594130039215088],"x":[0.0,0.0,999.9827270507813],"yaw":0.0}
{"boost":false,"boost_left":46,"dodge_dir":[0.0,-176.8231201171875],"dodge_timer":-1.0,"double_jumped":false,"handbrake":false,"jump":false,"jump_timer":-1.0,"jumped":false,"o":[-0.8877564072608948,-0.21190610527992249,-0.4086371064186096,0.4387809634208679,-0.6578999161720276,-0.6120775938034058,-0.1391393393278122,-0.722678005695343,0.6770352721214294],"on_ground":false,"pitch":0.0,"roll":0.0,"steer":0.0,"supersonic":false,"throttle":0.0,"time":11280.259765625,"v":[0.0,0.0,-1.8906424045562744],"w":[4.959530830383301,-1.8206138610839844,-1.5275310277938843],"x":[0.0,0.0,999.9824829101563],"yaw":0.0}
{"boost":false,"boost_left":46,"dodge_dir":[0.0,-176.8231201171875],"dodge_timer":-1.0,"double_jumped":false,"handbrake":false,"jump":false,"jump_timer":-1.0,"jumped":false,"o":[-0.8801952004432678,-0.20900455117225647,-0.42611435055732727,0.4556056559085846,-0.6236180067062378,-0.6352353692054749,-0.13296550512313843,-0.7532712817192078,0.6441292762756348],"on_ground":false,"pitch":0.0,"roll":0.0,"steer":0.0,"supersonic":false,"throttle":0.0,"time":11280.2685546875,"v":[0.0,0.0,-1.9191170930862427],"w":[5.015643119812012,-1.7225291728973389,-1.4566899538040161],"x":[0.0,0.0,999.9822387695313],"yaw":0.0}
{"boost":false,"boost_left":46,"dodge_dir":[0.0,-176.8231201171875],"dodge_timer":-1.0,"double_jumped":false,"handbrake":false,"jump":false,"jump_timer":-1.0,"jumped":false,"o":[-0.8728690147399902,-0.20547547936439514,-0.4425828158855438,0.47162726521492004,-0.5879291892051697,-0.6571962833404541,-0.12516963481903076,-0.7823804020881653,0.6100929975509644],"on_ground":false,"pitch":0.0,"roll":0.0,"steer":0.0,"supersonic":false,"throttle":0.0,"time":11280.27734375,"v":[0.0,0.0,-1.94758939743042],"w":[5.06635856628418,-1.6313037872314453,-1.3847306966781616],"x":[0.0,0.0,999.9819946289063],"yaw":0.0}
{"boost":false,"boost_left":46,"dodge_dir":[0.0,-176.8231201171875],"dodge_timer":-1.0,"double_jumped":false,"handbrake":false,"jump":false,"jump_timer":-1.0,"jumped":false,"o":[-0.8659234642982483,-0.2013416886329651,-0.4578624963760376,0.48659953474998474,-0.5509440302848816,-0.6779983043670654,-0.11574727296829224,-0.8098902702331543,0.5750480890274048],"on_ground":false,"pitch":0.0,"roll":0.0,"steer":0.0,"supersonic":false,"throttle":0.0,"time":11280.2861328125,"v":[0.0,0.0,-1.9511687755584717],"w":[5.109528541564941,-1.5507621765136719,-1.3172320127487183],"x":[0.0,0.0,999.98193359375],"yaw":0.0}
{"boost":false,"boost_left":46,"dodge_dir":[0.0,-176.8231201171875],"dodge_timer":-1.0,"double_jumped":false,"handbrake":false,"jump":false,"jump_timer":-1.0,"jumped":false,"o":[-0.8592075109481812,-0.1966436505317688,-0.47232791781425476,0.500761091709137,-0.5124772787094116,-0.6975710391998291,-0.10488442331552505,-0.835881769657135,0.5387958288192749],"on_ground":false,"pitch":0.0,"roll":0.0,"steer":0.0,"supersonic":false,"throttle":0.0,"time":11280.294921875,"v":[0.0,0.0,-1.987674355506897],"w":[5.146075248718262,-1.4799268245697021,-1.2550777196884155],"x":[0.0,0.0,999.9816284179688],"yaw":0.0}
{"boost":false,"boost_left":46,"dodge_dir":[0.0,-176.8231201171875],"dodge_timer":-1.0,"double_jumped":false,"handbrake":false,"jump":false,"jump_timer":-1.0,"jumped":false,"o":[-0.8527929186820984,-0.1913268119096756,-0.4859406650066376,0.5139266848564148,-0.47289562225341797,-0.715715765953064,-0.09286359697580338,-0.860095202922821,0.5016099810600281],"on_ground":false,"pitch":0.0,"roll":0.0,"steer":0.0,"supersonic":false,"throttle":0.0,"time":11280.3037109375,"v":[0.0,0.0,-2.004504442214966],"w":[5.176512241363525,-1.4187129735946655,-1.1994317770004272],"x":[0.0,0.0,999.9814453125],"yaw":0.0}
{"boost":false,"boost_left":46,"dodge_dir":[0.0,-176.8231201171875],"dodge_timer":-1.0,"double_jumped":false,"handbrake":false,"jump":false,"jump_timer":-1.0,"jumped":false,"o":[-0.8466429710388184,-0.18563133478164673,-0.49873507022857666,0.526176393032074,-0.4321692883968353,-0.7323715686798096,-0.07958687096834183,-0.8824799060821533,0.46356797218322754],"on_ground":false,"pitch":0.0,"roll":0.0,"steer":0.0,"supersonic":false,"throttle":0.0,"time":11280.3125,"v":[0.0,0.0,-2.0287606716156006],"w":[5.2020583152771,-1.365525722503662,-1.1497255563735962],"x":[0.0,0.0,999.9812622070313],"yaw":0.0}
{"boost":false,"boost_left":46,"dodge_dir":[0.0,-176.8231201171875],"dodge_timer":-1.0,"double_jumped":false,"handbrake":false,"jump":false,"jump_timer":-1.0,"jumped":false,"o":[-0.8407886624336243,-0.17941731214523315,-0.5107678771018982,0.5374059677124023,-0.3904879689216614,-0.7474716901779175,-0.0653393492102623,-0.9029554724693298,0.424737811088562],"on_ground":false,"pitch":0.0,"roll":0.0,"steer":0.0,"supersonic":false,"throttle":0.0,"time":11280.3212890625,"v":[0.0,0.0,-2.0512123107910156],"w":[5.223664283752441,-1.319061040878296,-1.10525381565094],"x":[0.0,0.0,999.9810180664063],"yaw":0.0}
{"boost":false,"boost_left":46,"dodge_dir":[0.0,-176.8231201171875],"dodge_timer":-1.0,"double_jumped":false,"handbrake":false,"jump":false,"jump_timer":-1.0,"jumped":false,"o":[-0.8351814150810242,-0.17283453047275543,-0.5221112966537476,0.5476859211921692,-0.34788742661476135,-0.7609300017356873,-0.050120990723371506,-0.9214676022529602,0.3852081894874573],"on_ground":false,"pitch":0.0,"roll":0.0,"steer":0.0,"supersonic":false,"throttle":0.0,"time":11280.330078125,"v":[0.0,0.0,-2.0708532333374023],"w":[5.2420244216918945,-1.2782964706420898,-1.065564513206482],"x":[0.0,0.0,999.9808349609375],"yaw":0.0}
{"boost":false,"boost_left":46,"dodge_dir":[0.0,-176.8231201171875],"dodge_timer":-1.0,"double_jumped":false,"handbrake":false,"jump":false,"jump_timer":-1.0,"jumped":false,"o":[-0.829868495464325,-0.165831059217453,-0.5327461361885071,0.5569204688072205,-0.3044179081916809,-0.7727673649787903,-0.03402862697839737,-0.9379924535751343,0.34498152136802673],"on_ground":false,"pitch":0.0,"roll":0.0,"steer":0.0,"supersonic":false,"throttle":0.0,"time":11280.3388671875,"v":[0.0,0.0,-2.0967156887054443],"w":[5.257750988006592,-1.2423064708709717,-1.0301227569580078],"x":[0.0,0.0,999.9805908203125],"yaw":0.0}
{"boost":false,"boost_left":46,"dodge_dir":[0.0,-176.8231201171875],"dodge_timer":-1.0,"double_jumped":false,"handbrake":false,"jump":false,"jump_timer":-1.0,"jumped":false,"o":[-0.8247904181480408,-0.15847088396549225,-0.5427777767181396,0.5651721954345703,-0.2605067789554596,-0.7827621698379517,-0.017352286726236343,-0.9523776769638062,0.3044268488883972],"on_ground":false,"pitch":0.0,"roll":0.0,"steer":0.0,"supersonic":false,"throttle":0.0,"time":11280.34765625,"v":[0.0,0.0,-2.1131441593170166],"w":[5.271743297576904,-1.2065622806549072,-1.0007716417312622],"x":[0.0,0.0,999.98046875],"yaw":0.0}
{"boost":false,"boost_left":46,"dodge_dir":[0.0,-176.8231201171875],"dodge_timer":-1.0,"double_jumped":false,"handbrake":false,"jump":false,"jump_timer":-1.0,"jumped":false,"o":[-0.8199516534805298,-0.15100473165512085,-0.5521565675735474,0.572432816028595,-0.2161373347043991,-0.790952205657959,9.58738019107841e-05,-0.9646150469779968,0.2636622190475464],"on_ground":false,"pitch":0.0,"roll":0.0,"steer":0.0,"supersonic":false,"throttle":0.0,"time":11280.3564453125,"v":[0.0,0.0,-2.1323835849761963],"w":[5.285742282867432,-1.1587285995483398,-0.9830814599990845],"x":[0.0,0.0,999.9802856445313],"yaw":0.0}
{"boost":false,"boost_left":46,"dodge_dir":[0.0,-176.8231201171875],"dodge_timer":-1.0,"double_jumped":false,"handbrake":false,"jump":false,"jump_timer":-1.0,"jumped":false,"o":[-0.8107935190200806,-0.13677065074443817,-0.5691288113594055,0.5841495394706726,-0.12729141116142273,-0.8016022443771362,0.037190455943346024,-0.982390284538269,0.1831015646457672],"on_ground":false,"pitch":0.0,"roll":0.0,"steer":0.0,"supersonic":false,"throttle":0.0,"time":11280.3740234375,"v":[0.0,0.0,-2.174072265625],"w":[5.2783660888671875,-1.000526785850525,-0.9773234128952026],"x":[0.0,0.0,999.9799194335938],"yaw":0.0}
{"boost":false,"boost_left":46,"dodge_dir":[0.0,-176.8231201171875],"dodge_timer":-1.0,"double_jumped":false,"handbrake":false,"jump":false,"jump_timer":-1.0,"jumped":false,"o":[-0.8063392639160156,-0.13029417395591736,-0.5769232511520386,0.5887265801429749,-0.08325887471437454,-0.8040329217910767,0.05672682076692581,-0.9879733920097351,0.14384254813194275],"on_ground":false,"pitch":0.0,"roll":0.0,"steer":0.0,"supersonic":false,"throttle":0.0,"time":11280.3828125,"v":[0.0,0.0,-7.5968804359436035],"w":[5.221791744232178,-0.898805558681488,-0.9721604585647583],"x":[0.0,0.0,999.91357421875],"yaw":0.0}
{"boost":false,"boost_left":46,"dodge_dir":[0.0,-176.8231201171875],"dodge_timer":-1.0,"double_jumped":false,"handbrake":false,"jump":false,"jump_timer":-1.0,"jumped":false,"o":[-0.797827959060669,-0.11900781840085983,-0.5910224914550781,0.595035970211029,0.002235863357782364,-0.8036959767341614,0.09696755558252335,-0.9928907752037048,0.06903009861707687],"on_ground":false,"pitch":0.0,"roll":0.0,"steer":0.0,"supersonic":false,"throttle":0.0,"time":11280.400390625,"v":[0.0,0.0,-2.2737462520599365],"w":[4.909243583679199,-0.6392569541931152,-0.936897873878479],"x":[0.0,0.0,999.9789428710938],"yaw":0.0}
{"boost":false,"boost_left":46,"dodge_dir":[0.0,-176.8231201171875],"dodge_timer":-1.0,"double_jumped":false,"handbrake":false,"jump":false,"jump_timer":-1.0,"jumped":false,"o":[-0.7937613725662231,-0.11481370031833649,-0.5972943902015686,0.5968729257583618,0.041840940713882446,-0.8012440204620361,0.11698516458272934,-0.9925054907798767,0.035317469388246536],"on_ground":false,"pitch":0.0,"roll":0.0,"steer":0.0,"supersonic":false,"throttle":0.0,"time":11280.4091796875,"v":[0.0,0.0,-7.684494972229004],"w":[4.680538654327393,-0.492631733417511,-0.9060841202735901],"x":[0.0,0.0,999.9121704101563],"yaw":0.0}
{"boost":false,"boost_left":46,"dodge_dir":[0.0,-176.8231201171875],"dodge_timer":-1.0,"double_jumped":false,"handbrake":false,"jump":false,"jump_timer":-1.0,"jumped":false,"o":[-0.7859981656074524,-0.10942409187555313,-0.6084679365158081,0.5981442928314209,0.11423134803771973,-0.793205201625824,0.15630188584327698,-0.9874095320701599,-0.02433423325419426],"on_ground":false,"pitch":0.0,"roll":0.0,"steer":0.0,"supersonic":false,"throttle":0.0,"time":11280.4267578125,"v":[0.0,0.0,-2.349731683731079],"w":[4.107646942138672,-0.17326776683330536,-0.7996044754981995],"x":[0.0,0.0,999.978271484375],"yaw":0.0}
{"boost":false,"boost_left":46,"dodge_dir":[0.0,-176.8231201171875],"dodge_timer":-1.0,"double_jumped":false,"handbrake":false,"jump":false,"jump_timer":-1.0,"jumped":false,"o":[-0.7823375463485718,-0.10854663699865341,-0.6133233308792114,0.5977307558059692,0.14600877463817596,-0.7882888913154602,0.17511670291423798,-0.9833102822303772,-0.04934648051857948],"on_ground":false,"pitch":0.0,"roll":0.0,"steer":0.0,"supersonic":false,"throttle":0.0,"time":11280.435546875,"v":[0.0,0.0,-7.7604660987854],"w":[3.7901086807250977,-0.011219017207622528,-0.7271599769592285],"x":[0.0,0.0,999.910888671875],"yaw":0.0}
{"boost":false,"boost_left":46,"dodge_dir":[0.0,-176.8231201171875],"dodge_timer":-1.0,"double_jumped":false,"handbrake":false,"jump":false,"jump_timer":-1.0,"jumped":false,"o":[-0.7756926417350769,-0.1105499267578125,-0.6213530898094177,0.5947766304016113,0.2011852115392685,-0.7783092260360718,0.21104907989501953,-0.9732950329780579,-0.09030535817146301],"on_ground":false,"pitch":0.0,"roll":0.0,"steer":0.0,"supersonic":false,"throttle":0.0,"time":11280.453125,"v":[0.0,0.0,-2.3964076042175293],"w":[3.1271374225616455,0.3087945878505707,-0.5408007502555847],"x":[0.0,0.0,999.9778442382813],"yaw":0.0}
{"boost":false,"boost_left":46,"dodge_dir":[0.0,-176.8231201171875],"dodge_timer":-1.0,"double_jumped":false,"handbrake":false,"jump":false,"jump_timer":-1.0,"jumped":false,"o":[-0.7726869583129883,-0.11357054114341736,-0.6245450973510742,0.5924720168113708,0.22417554259300232,-0.7737714648246765,0.2278853803873062,-0.9679085612297058,-0.1059301570057869],"on_ground":false,"pitch":0.0,"roll":0.0,"steer":0.0,"supersonic":false,"throttle":0.0,"time":11280.4619140625,"v":[0.0,0.0,-7.807130813598633],"w":[2.796107769012451,0.46298182010650635,-0.4328102171421051],"x":[0.0,0.0,999.9100952148438],"yaw":0.0}
{"boost":false,"boost_left":46,"dodge_dir":[0.0,-176.8231201171875],"dodge_timer":-1.0,"double_jumped":false,"handbrake":false,"jump":false,"jump_timer":-1.0,"jumped":false,"o":[-0.7699019908905029,-0.11796589195728302,-0.6271641850471497,0.5896338224411011,0.24441063404083252,-0.7698020935058594,0.24409602582454681,-0.9624694585800171,-0.11861555278301239],"on_ground":false,"pitch":0.0,"roll":0.0,"steer":0.0,"supersonic":false,"throttle":0.0,"time":11280.470703125,"v":[0.0,0.0,-2.435486078262329],"w":[2.4663569927215576,0.6151602864265442,-0.3221689760684967],"x":[0.0,0.0,999.9774780273438],"yaw":0.0}
{"boost":false,"boost_left":46,"dodge_dir":[0.0,-176.8231201171875],"dodge_timer":-1.0,"double_jumped":false,"handbrake":false,"jump":false,"jump_timer":-1.0,"jumped":false,"o":[-0.764624834060669,-0.130576491355896,-0.6311090588569641,0.5831535458564758,0.2767225503921509,-0.7637778520584106,0.27437353134155273,-0.95203697681427,-0.1354427933692932],"on_ground":false,"pitch":0.0,"roll":0.0,"steer":0.0,"supersonic":false,"throttle":0.0,"time":11280.48828125,"v":[0.0,0.0,-7.911202430725098],"w":[1.8269407749176025,0.9048987030982971,-0.108954519033432],"x":[0.0,0.0,999.9083862304688],"yaw":0.0}
{"boost":false,"boost_left":46,"dodge_dir":[0.0,-176.8231201171875],"dodge_timer":-1.0,"double_jumped":false,"handbrake":false,"jump":false,"jump_timer":-1.0,"jumped":false,"o":[-0.7621432542800903,-0.13875596225261688,-0.6323642134666443,0.579644501209259,0.28880342841148376,-0.7619742751121521,0.2883574366569519,-0.9472799897193909,-0.13968046009540558],"on_ground":false,"pitch":0.0,"roll":0.0,"steer":0.0,"supersonic":false,"throttle":0.0,"time":11280.4970703125,"v":[0.0,0.0,-2.5056495666503906],"w":[1.5364614725112915,1.028164029121399,-0.011780481785535812],"x":[0.0,0.0,999.976806640625],"yaw":0.0}
{"boost":false,"boost_left":46,"dodge_dir":[0.0,-176.8231201171875],"dodge_timer":-1.0,"double_jumped":false,"handbrake":false,"jump":false,"jump_timer":-1.0,"jumped":false,"o":[-0.7572377324104309,-0.157108336687088,-0.633962094783783,0.5724835395812988,0.30759334564208984,-0.7600322365760803,0.31440994143486023,-0.9384579062461853,-0.14297935366630554],"on_ground":false,"pitch":0.0,"roll":0.0,"steer":0.0,"supersonic":false,"throttle":0.0,"time":11280.5146484375,"v":[0.0,0.0,-7.959676742553711],"w":[1.1031116247177124,1.1648941040039063,0.11280165612697601],"x":[0.0,0.0,999.9075927734375],"yaw":0.0}
{"boost":false,"boost_left":46,"dodge_dir":[0.0,-176.8231201171875],"dodge_timer":-1.0,"double_jumped":false,"handbrake":false,"jump":false,"jump_timer":-1.0,"jumped":false,"o":[-0.7547972798347473,-0.1669643223285675,-0.6343532800674438,0.568934440612793,0.31470027565956116,-0.7597877383232117,0.32648858428001404,-0.9343910813331604,-0.14254313707351685],"on_ground":false,"pitch":0.0,"roll":0.0,"steer":0.0,"supersonic":false,"throttle":0.0,"time":11280.5234375,"v":[0.0,0.0,-2.582237720489502],"w":[0.9350264668464661,1.1965365409851074,0.15534698963165283],"x":[0.0,0.0,999.9761352539063],"yaw":0.0}
{"boost":false,"boost_left":46,"dodge_dir":[0.0,-176.8231201171875],"dodge_timer":-1.0,"double_jumped":false,"handbrake":false,"jump":false,"jump_timer":-1.0,"jumped":false,"o":[-0.7499234676361084,-0.18575350940227509,-0.6349097490310669,0.5622223019599915,0.3267952799797058,-0.7596781253814697,0.3485983908176422,-0.92666095495224,-0.14063668251037598],"on_ground":false,"pitch":0.0,"roll":0.0,"steer":0.0,"supersonic":false,"throttle":0.0,"time":11280.541015625,"v":[0.0,0.0,-2.655045509338379],"w":[0.7864146828651428,1.1164501905441284,0.17033237218856812],"x":[0.0,0.0,999.9754638671875],"yaw":0.0}
{"boost":false,"boost_left":46,"dodge_dir":[0.0,-176.8231201171875],"dodge_timer":-1.0,"double_jumped":false,"handbrake":false,"jump":false,"jump_timer":-1.0,"jumped":false,"o":[-0.7475550174713135,-0.19442784786224365,-0.6351057291030884,0.5589927434921265,0.3322719931602478,-0.759685754776001,0.3587318956851959,-0.9229263663291931,-0.13970783352851868],"on_ground":false,"pitch":0.0,"roll":0.0,"steer":0.0,"supersonic":false,"throttle":0.0,"time":11280.5498046875,"v":[0.0,0.0,-8.079370498657227],"w":[0.7429038286209106,1.0530378818511963,0.16782760620117188],"x":[0.0,0.0,999.9055786132813],"yaw":0.0}
{"boost":false,"boost_left":46,"dodge_dir":[0.0,-176.8231201171875],"dodge_timer":-1.0,"double_jumped":false,"handbrake":false,"jump":false,"jump_timer":-1.0,"jumped":false,"o":[-0.7453718185424805,-0.20236817002296448,-0.6351913213729858,0.5558018684387207,0.33748096227645874,-0.759730875492096,0.3681102991104126,-0.9193224906921387,-0.13907216489315033],"on_ground":false,"pitch":0.0,"roll":0.0,"steer":0.0,"supersonic":false,"throttle":0.0,"time":11280.55859375,"v":[0.0,0.0,-2.686093330383301],"w":[0.7048758864402771,0.9855164289474487,0.16243940591812134],"x":[0.0,0.0,999.9751586914063],"yaw":0.0}
{"boost":false,"boost_left":46,"dodge_dir":[0.0,-176.8231201171875],"dodge_timer":-1.0,"double_jumped":false,"handbrake":false,"jump":false,"jump_timer":-1.0,"jumped":false,"o":[-0.7412161231040955,-0.21674059331417084,-0.6353126168251038,0.5498335361480713,0.3468952178955078,-0.7598333954811096,0.3850736916065216,-0.9125169515609741,-0.13795308768749237],"on_ground":false,"pitch":0.0,"roll":0.0,"steer":0.0,"supersonic":false,"throttle":0.0,"time":11280.576171875,"v":[0.0,0.0,-8.111184120178223],"w":[0.6388399004936218,0.8437225818634033,0.1446681022644043],"x":[0.0,0.0,999.905029296875],"yaw":0.0}
{"boost":false,"boost_left":46,"dodge_dir":[0.0,-176.8231201171875],"dodge_timer":-1.0,"double_jumped":false,"handbrake":false,"jump":false,"jump_timer":-1.0,"jumped":false,"o":[-0.7392709255218506,-0.22305521368980408,-0.635393500328064,0.5470730662345886,0.3512592017650604,-0.7598211169242859,0.3926698565483093,-0.9093202948570251,-0.13764822483062744],"on_ground":false,"pitch":0.0,"roll":0.0,"steer":0.0,"supersonic":false,"throttle":0.0,"time":11280.5849609375,"v":[0.0,0.0,-2.7235336303710938],"w":[0.6046450138092041,0.7736793756484985,0.13477467000484467],"x":[0.0,0.0,999.9747924804688],"yaw":0.0}
{"boost":false,"boost_left":46,"dodge_dir":[0.0,-176.8231201171875],"dodge_timer":-1.0,"double_jumped":false,"handbrake":false,"jump":false,"jump_timer":-1.0,"jumped":false,"o":[-0.735841691493988,-0.23401197791099548,-0.6354332566261292,0.5419194102287292,0.35916122794151306,-0.7598201036453247,0.40602999925613403,-0.9034608602523804,-0.13747015595436096],"on_ground":false,"pitch":0.0,"roll":0.0,"steer":0.0,"supersonic":false,"throttle":0.0,"time":11280.6025390625,"v":[0.0,0.0,-8.19739055633545],"w":[0.5250871777534485,0.6427531838417053,0.11451105773448944],"x":[0.0,0.0,999.9036254882813],"yaw":0.0}
{"boost":false,"boost_left":46,"dodge_dir":[0.0,-176.8231201171875],"dodge_timer":-1.0,"double_jumped":false,"handbrake":false,"jump":false,"jump_timer":-1.0,"jumped":false,"o":[-0.7343595027923584,-0.23861673474311829,-0.6354355216026306,0.5396343469619751,0.36260783672332764,-0.7598094940185547,0.41171708703041077,-0.9008761048316956,-0.1375187188386917],"on_ground":false,"pitch":0.0,"roll":0.0,"steer":0.0,"supersonic":false,"throttle":0.0,"time":11280.611328125,"v":[0.0,0.0,-2.7961063385009766],"w":[0.482634961605072,0.5801818370819092,0.10480091720819473],"x":[0.0,0.0,999.97412109375],"yaw":0.0}
{"boost":false,"boost_left":46,"dodge_dir":[0.0,-176.8231201171875],"dodge_timer":-1.0,"double_jumped":false,"handbrake":false,"jump":false,"jump_timer":-1.0,"jumped":false,"o":[-0.7317315936088562,-0.2465759813785553,-0.6354283094406128,0.5356534123420715,0.3684554100036621,-0.7598131895065308,0.42147868871688843,-0.8963486552238464,-0.13753119111061096],"on_ground":false,"pitch":0.0,"roll":0.0,"steer":0.0,"supersonic":false,"throttle":0.0,"time":11280.62890625,"v":[0.0,0.0,-8.237834930419922],"w":[0.39405784010887146,0.462712824344635,0.08544155210256577],"x":[0.0,0.0,999.9029541015625],"yaw":0.0}
{"boost":false,"boost_left":46,"dodge_dir":[0.0,-176.8231201171875],"dodge_timer":-1.0,"double_jumped":false,"handbrake":false,"jump":false,"jump_timer":-1.0,"jumped":false,"o":[-0.7306526303291321,-0.24990788102149963,-0.6353682279586792,0.5338959097862244,0.37091439962387085,-0.759853720664978,0.4255606532096863,-0.8944095969200134,-0.13758477568626404],"on_ground":false,"pitch":0.0,"roll":0.0,"steer":0.0,"supersonic":false,"throttle":0.0,"time":11280.6376953125,"v":[0.0,0.0,-2.852015256881714],"w":[0.3497767150402069,0.4056936502456665,0.07543380558490753],"x":[0.0,0.0,999.9736328125],"yaw":0.0}
