{"car":{"boost":false,"boost_left":33,"dodge_dir":[2.3512056226468525e-38,2.3510604481259484e-38],"dodge_timer":-1.0,"double_jumped":false,"handbrake":false,"jump":true,"jump_timer":-1.0,"jumped":true,"o":[0.025306133553385735,0.999679684638977,0.00030814201454631984,-0.9996055364608765,0.02530800923705101,-0.012171771377325058,-0.012175671756267548,-0.0,0.9999258518218994],"on_ground":false,"pitch":0.0,"roll":0.0,"steer":0.0,"supersonic":false,"throttle":0.0,"time":1004.2501831054688,"v":[0.8709999918937683,-38.47101593017578,466.57110595703125],"w":[0.018245654180645943,0.0004099999787285924,0.0],"x":[-603.3907470703125,-2944.037109375,93.31260681152344],"yaw":0.0},"ball":{"v":[0.0,0.0,0.0],"w":[0.0,0.0,0.0],"x":[0.0,0.0,92.73999786376953]}}
{"car":{"boost":false,"boost_left":33,"dodge_dir":[2.3512056226468525e-38,2.3510604481259484e-38],"dodge_timer":-1.0,"double_jumped":false,"handbrake":false,"jump":true,"jump_timer":-1.0,"jumped":true,"o":[0.025306103751063347,0.999679684638977,0.00031056819716468453,-0.9996044039726257,0.02530800923705101,-0.012267607264220715,-0.012271538376808167,-0.0,0.9999247193336487],"on_ground":false,"pitch":0.0,"roll":0.0,"steer":0.0,"supersonic":false,"throttle":0.0,"time":1004.258544921875,"v":[0.8709999918937683,-38.48099899291992,462.0052795410156],"w":[0.017744526267051697,0.0004099999787285924,0.0],"x":[-603.3806762695313,-2944.357666015625,97.17414855957031],"yaw":0.0},"ball":{"v":[0.0,0.0,0.0],"w":[0.0,0.0,0.0],"x":[0.0,0.0,92.73999786376953]}}
{"car":{"boost":false,"boost_left":33,"dodge_dir":[2.3512056226468525e-38,2.3510604481259484e-38],"dodge_timer":-1.0,"double_jumped":false,"handbrake":false,"jump":true,"jump_timer":-1.0,"jumped":true,"o":[0.02530604414641857,0.999679684638977,0.0003154205915052444,-0.9996020197868347,0.02530800923705101,-0.012459279038012028,-0.012463271617889404,-0.0,0.9999223351478577],"on_ground":false,"pitch":0.0,"roll":0.0,"steer":0.0,"supersonic":false,"throttle":0.0,"time":1004.2669067382813,"v":[0.8709999918937683,-38.48099899291992,456.55633544921875],"w":[0.017241856083273888,0.0004099999787285924,0.0],"x":[-603.37060546875,-2944.679443359375,100.99787902832031],"yaw":0.0},"ball":{"v":[0.0,0.0,0.0],"w":[0.0,0.0,0.0],"x":[0.0,0.0,92.73999786376953]}}
{"car":{"boost":false,"boost_left":33,"dodge_dir":[2.3512056226468525e-38,2.3510604481259484e-38],"dodge_timer":-1.0,"double_jumped":false,"handbrake":false,"jump":true,"jump_timer":-1.0,"jumped":true,"o":[0.025306014344096184,0.999679684638977,0.00031784677412360907,-0.9996008276939392,0.02530800923705101,-0.01255511399358511,-0.012559137307107449,-0.0,0.9999211430549622],"on_ground":false,"pitch":0.0,"roll":0.0,"steer":0.0,"supersonic":false,"throttle":0.0,"time":1004.275390625,"v":[0.8709999918937683,-38.48099899291992,451.1188659667969],"w":[0.01674024574458599,0.0004099999787285924,0.0],"x":[-603.360595703125,-2945.000732421875,104.77254486083984],"yaw":0.0},"ball":{"v":[0.0,0.0,0.0],"w":[0.0,0.0,0.0],"x":[0.0,0.0,92.73999786376953]}}
{"car":{"boost":false,"boost_left":33,"dodge_dir":[2.3512056226468525e-38,2.3510604481259484e-38],"dodge_timer":-1.0,"double_jumped":false,"handbrake":false,"jump":true,"jump_timer":-1.0,"jumped":true,"o":[0.02530595101416111,0.999679684638977,0.00032269913936033845,-0.9995983839035034,0.02530800923705101,-0.012746785767376423,-0.012750869616866112,-0.0,0.9999186992645264],"on_ground":false,"pitch":0.0,"roll":0.0,"steer":0.0,"supersonic":false,"throttle":0.0,"time":1004.2837524414063,"v":[0.8709999918937683,-38.48099899291992,445.60821533203125],"w":[0.01632750779390335,0.0004099999787285924,0.0],"x":[-603.3504028320313,-2945.325927734375,108.54762268066406],"yaw":0.0},"ball":{"v":[0.0,0.0,0.0],"w":[0.0,0.0,0.0],"x":[0.0,0.0,92.73999786376953]}}
{"car":{"boost":false,"boost_left":33,"dodge_dir":[2.3512056226468525e-38,2.3510604481259484e-38],"dodge_timer":-1.0,"double_jumped":false,"handbrake":false,"jump":true,"jump_timer":-1.0,"jumped":true,"o":[0.025305919349193573,0.999679684638977,0.00032512532197870314,-0.9995971322059631,0.02530800923705101,-0.01284262165427208,-0.01284673623740673,-0.0,0.9999174475669861],"on_ground":false,"pitch":0.0,"roll":0.0,"steer":0.0,"supersonic":false,"throttle":0.0,"time":1004.2921142578125,"v":[0.8709999918937683,-38.48099899291992,440.1785888671875],"w":[0.015926796942949295,0.0004099999787285924,0.0],"x":[-603.3403930664063,-2945.646484375,112.22589111328125],"yaw":0.0},"ball":{"v":[0.0,0.0,0.0],"w":[0.0,0.0,0.0],"x":[0.0,0.0,92.73999786376953]}}
{"car":{"boost":false,"boost_left":33,"dodge_dir":[2.3512056226468525e-38,2.3510604481259484e-38],"dodge_timer":-1.0,"double_jumped":false,"handbrake":false,"jump":true,"jump_timer":-1.0,"jumped":true,"o":[0.025305889546871185,0.999679684638977,0.0003275514754932374,-0.9995959401130676,0.02530800923705101,-0.012938456609845161,-0.012942601926624775,-0.0,0.9999162554740906],"on_ground":false,"pitch":0.0,"roll":0.0,"steer":0.0,"supersonic":false,"throttle":0.0,"time":1004.3004760742188,"v":[0.8709999918937683,-38.48099899291992,434.7491760253906],"w":[0.015526100993156433,0.0004099999787285924,0.0],"x":[-603.3303833007813,-2945.967041015625,115.85427856445313],"yaw":0.0},"ball":{"v":[0.0,0.0,0.0],"w":[0.0,0.0,0.0],"x":[0.0,0.0,92.73999786376953]}}
{"car":{"boost":false,"boost_left":33,"dodge_dir":[2.3512056226468525e-38,2.3510604481259484e-38],"dodge_timer":-1.0,"double_jumped":false,"handbrake":false,"jump":true,"jump_timer":-1.0,"jumped":true,"o":[0.02530582621693611,0.999679684638977,0.0003324038116261363,-0.9995934367179871,0.02530800923705101,-0.01313012558966875,-0.013134332373738289,-0.0,0.99991375207901],"on_ground":false,"pitch":0.0,"roll":0.0,"steer":0.0,"supersonic":false,"throttle":0.0,"time":1004.308837890625,"v":[0.8709999918937683,-38.48099899291992,429.31976318359375],"w":[0.015125405974686146,0.00031385160400532186,0.0],"x":[-603.3203735351563,-2946.287841796875,119.44210815429688],"yaw":0.0},"ball":{"v":[0.0,0.0,0.0],"w":[0.0,0.0,0.0],"x":[0.0,0.0,92.73999786376953]}}
{"car":{"boost":false,"boost_left":33,"dodge_dir":[2.3512056226468525e-38,2.3510604481259484e-38],"dodge_timer":-1.0,"double_jumped":false,"handbrake":false,"jump":true,"jump_timer":-1.0,"jumped":true,"o":[0.025305794551968575,0.999679684638977,0.000334829994244501,-0.9995921850204468,0.02530800923705101,-0.013225961476564407,-0.013230198994278908,-0.0,0.9999125003814697],"on_ground":false,"pitch":0.0,"roll":0.0,"steer":0.0,"supersonic":false,"throttle":0.0,"time":1004.3171997070313,"v":[0.8709999918937683,-38.48099899291992,423.8903503417969],"w":[0.014724710024893284,0.00030999997397884727,0.0],"x":[-603.3103637695313,-2946.608154296875,122.98017120361328],"yaw":0.0},"ball":{"v":[0.0,0.0,0.0],"w":[0.0,0.0,0.0],"x":[0.0,0.0,92.73999786376953]}}
{"car":{"boost":false,"boost_left":33,"dodge_dir":[2.3512056226468525e-38,2.3510604481259484e-38],"dodge_timer":-1.0,"double_jumped":false,"handbrake":false,"jump":true,"jump_timer":-1.0,"jumped":true,"o":[0.02530576102435589,0.999679684638977,0.0003372561186552048,-0.9995908737182617,0.02530800923705101,-0.01332179456949234,-0.013326062820851803,-0.0,0.9999111890792847],"on_ground":false,"pitch":0.0,"roll":0.0,"steer":0.0,"supersonic":false,"throttle":0.0,"time":1004.3255615234375,"v":[0.8709999918937683,-38.48099899291992,418.4436340332031],"w":[0.014322739094495773,0.00030999997397884727,0.0],"x":[-603.30029296875,-2946.9296875,126.48883819580078],"yaw":0.0},"ball":{"v":[0.0,0.0,0.0],"w":[0.0,0.0,0.0],"x":[0.0,0.0,92.73999786376953]}}
{"car":{"boost":false,"boost_left":33,"dodge_dir":[2.3512056226468525e-38,2.3510604481259484e-38],"dodge_timer":-1.0,"double_jumped":false,"handbrake":false,"jump":true,"jump_timer":-1.0,"jumped":true,"o":[0.02530572935938835,0.999679684638977,0.00033968230127356946,-0.9995896220207214,0.02530800923705101,-0.013417629525065422,-0.013421928510069847,-0.0,0.9999099373817444],"on_ground":false,"pitch":0.0,"roll":0.0,"steer":0.0,"supersonic":false,"throttle":0.0,"time":1004.333984375,"v":[0.8709999918937683,-38.48099899291992,413.0101623535156],"w":[0.013921746984124184,0.00030999997397884727,0.0],"x":[-603.290283203125,-2947.25048828125,129.93896484375],"yaw":0.0},"ball":{"v":[0.0,0.0,0.0],"w":[0.0,0.0,0.0],"x":[0.0,0.0,92.73999786376953]}}
{"car":{"boost":false,"boost_left":33,"dodge_dir":[2.3512056226468525e-38,2.3510604481259484e-38],"dodge_timer":-1.0,"double_jumped":false,"handbrake":false,"jump":true,"jump_timer":-1.0,"jumped":true,"o":[0.02530566416680813,0.999679684638977,0.00034453460830263793,-0.9995869994163513,0.02530800923705101,-0.013609298504889011,-0.013613658957183361,-0.0,0.9999073147773743],"on_ground":false,"pitch":0.0,"roll":0.0,"steer":0.0,"supersonic":false,"throttle":0.0,"time":1004.3423461914063,"v":[0.8709999918937683,-38.48099899291992,407.53009033203125],"w":[0.013517312705516815,0.00030999997397884727,0.0],"x":[-603.2801513671875,-2947.573974609375,133.37783813476563],"yaw":0.0},"ball":{"v":[0.0,0.0,0.0],"w":[0.0,0.0,0.0],"x":[0.0,0.0,92.73999786376953]}}
{"car":{"boost":false,"boost_left":33,"dodge_dir":[2.3512056226468525e-38,2.3510604481259484e-38],"dodge_timer":-1.0,"double_jumped":false,"handbrake":false,"jump":true,"jump_timer":-1.0,"jumped":true,"o":[0.025305630639195442,0.999679684638977,0.00034696076181717217,-0.999585747718811,0.02530800923705101,-0.013705132529139519,-0.01370952371507883,-0.0,0.9999060034751892],"on_ground":false,"pitch":0.0,"roll":0.0,"steer":0.0,"supersonic":false,"throttle":0.0,"time":1004.3507080078125,"v":[0.8709999918937683,-38.48099899291992,402.089599609375],"w":[0.013115801848471165,0.00030999997397884727,0.0],"x":[-603.2700805664063,-2947.895263671875,136.74139404296875],"yaw":0.0},"ball":{"v":[0.0,0.0,0.0],"w":[0.0,0.0,0.0],"x":[0.0,0.0,92.73999786376953]}}
{"car":{"boost":false,"boost_left":33,"dodge_dir":[2.3512056226468525e-38,2.3510604481259484e-38],"dodge_timer":-1.0,"double_jumped":false,"handbrake":false,"jump":true,"jump_timer":-1.0,"jumped":true,"o":[0.025305597111582756,0.999679684638977,0.00034938688622787595,-0.999584436416626,0.02530800923705101,-0.013800966553390026,-0.0138053884729743,-0.0,0.9999046921730042],"on_ground":false,"pitch":0.0,"roll":0.0,"steer":0.0,"supersonic":false,"throttle":0.0,"time":1004.3590698242188,"v":[0.8709999918937683,-38.48099899291992,396.6455078125],"w":[0.012714022770524025,0.00030999997397884727,0.0],"x":[-603.2601318359375,-2948.216796875,140.0568084716797],"yaw":0.0},"ball":{"v":[0.0,0.0,0.0],"w":[0.0,0.0,0.0],"x":[0.0,0.0,92.73999786376953]}}
{"car":{"boost":false,"boost_left":33,"dodge_dir":[2.3512056226468525e-38,2.3510604481259484e-38],"dodge_timer":-1.0,"double_jumped":false,"handbrake":false,"jump":true,"jump_timer":-1.0,"jumped":true,"o":[0.02530556358397007,0.999679684638977,0.0003518130397424102,-0.9995831251144409,0.02530800923705101,-0.013896800577640533,-0.01390125323086977,-0.0,0.9999033808708191],"on_ground":false,"pitch":0.0,"roll":0.0,"steer":0.0,"supersonic":false,"throttle":0.0,"time":1004.3674926757813,"v":[0.8709999918937683,-38.48099899291992,391.2018127441406],"w":[0.01241170521825552,0.00030999997397884727,0.0],"x":[-603.2500610351563,-2948.538330078125,143.33145141601563],"yaw":0.0},"ball":{"v":[0.0,0.0,0.0],"w":[0.0,0.0,0.0],"x":[0.0,0.0,92.73999786376953]}}
{"car":{"boost":false,"boost_left":33,"dodge_dir":[2.3512056226468525e-38,2.3510604481259484e-38],"dodge_timer":-1.0,"double_jumped":false,"handbrake":false,"jump":true,"jump_timer":-1.0,"jumped":true,"o":[0.025305530056357384,0.999679684638977,0.00035423916415311396,-0.9995817542076111,0.02530800923705101,-0.013992633670568466,-0.013997117057442665,-0.0,0.9999020099639893],"on_ground":false,"pitch":0.0,"roll":0.0,"steer":0.0,"supersonic":false,"throttle":0.0,"time":1004.3758544921875,"v":[0.8709999918937683,-38.48099899291992,385.7255554199219],"w":[0.012108591385185719,0.00030999997397884727,0.0],"x":[-603.2399291992188,-2948.861328125,146.5748748779297],"yaw":0.0},"ball":{"v":[0.0,0.0,0.0],"w":[0.0,0.0,0.0],"x":[0.0,0.0,92.73999786376953]}}
{"car":{"boost":false,"boost_left":33,"dodge_dir":[2.3512056226468525e-38,2.3510604481259484e-38],"dodge_timer":-1.0,"double_jumped":false,"handbrake":false,"jump":true,"jump_timer":-1.0,"jumped":true,"o":[0.025305496528744698,0.999679684638977,0.0003566653176676482,-0.999580442905426,0.02530800923705101,-0.014088467694818974,-0.014092981815338135,-0.0,0.9999006986618042],"on_ground":false,"pitch":0.0,"roll":0.0,"steer":0.0,"supersonic":false,"throttle":0.0,"time":1004.3843383789063,"v":[0.8709999918937683,-38.48099899291992,380.29412841796875],"w":[0.011807957664132118,0.00030999997397884727,0.0],"x":[-603.2299194335938,-2949.18212890625,149.751220703125],"yaw":0.0},"ball":{"v":[0.0,0.0,0.0],"w":[0.0,0.0,0.0],"x":[0.0,0.0,92.73999786376953]}}
{"car":{"boost":false,"boost_left":33,"dodge_dir":[2.3512056226468525e-38,2.3510604481259484e-38],"dodge_timer":-1.0,"double_jumped":false,"handbrake":false,"jump":true,"jump_timer":-1.0,"jumped":true,"o":[0.025305461138486862,0.999679684638977,0.00035909147118218243,-0.9995790719985962,0.02530800923705101,-0.014184301719069481,-0.014188846573233604,-0.0,0.9998993277549744],"on_ground":false,"pitch":0.0,"roll":0.0,"steer":0.0,"supersonic":false,"throttle":0.0,"time":1004.3927001953125,"v":[0.8709999918937683,-38.48099899291992,374.7597351074219],"w":[0.011501627042889595,0.00030999997397884727,0.0],"x":[-603.2196655273438,-2949.509033203125,152.93594360351563],"yaw":0.0},"ball":{"v":[0.0,0.0,0.0],"w":[0.0,0.0,0.0],"x":[0.0,0.0,92.73999786376953]}}
{"car":{"boost":false,"boost_left":33,"dodge_dir":[2.3512056226468525e-38,2.3510604481259484e-38],"dodge_timer":-1.0,"double_jumped":false,"handbrake":false,"jump":true,"jump_timer":-1.0,"jumped":true,"o":[0.025305427610874176,0.999679684638977,0.0003615175955928862,-0.9995777010917664,0.02530800923705101,-0.014280134811997414,-0.0142847103998065,-0.0,0.9998979568481445],"on_ground":false,"pitch":0.0,"roll":0.0,"steer":0.0,"supersonic":false,"throttle":0.0,"time":1004.4010620117188,"v":[0.8709999918937683,-38.48099899291992,369.32952880859375],"w":[0.011201061308383942,0.00030999997397884727,0.0],"x":[-603.2096557617188,-2949.829345703125,156.020263671875],"yaw":0.0},"ball":{"v":[0.0,0.0,0.0],"w":[0.0,0.0,0.0],"x":[0.0,0.0,92.73999786376953]}}
{"car":{"boost":false,"boost_left":33,"dodge_dir":[2.3512056226468525e-38,2.3510604481259484e-38],"dodge_timer":-1.0,"double_jumped":false,"handbrake":false,"jump":true,"jump_timer":-1.0,"jumped":true,"o":[0.02530539222061634,0.999679684638977,0.00036394369089975953,-0.9995763301849365,0.02530800923705101,-0.014375967904925346,-0.014380574226379395,-0.0,0.9998965859413147],"on_ground":false,"pitch":0.0,"roll":0.0,"steer":0.0,"supersonic":false,"throttle":0.0,"time":1004.409423828125,"v":[0.8709999918937683,-38.48099899291992,363.89947509765625],"w":[0.010900506749749184,0.00030999997397884727,0.0],"x":[-603.19970703125,-2950.14990234375,159.05459594726563],"yaw":0.0},"ball":{"v":[0.0,0.0,0.0],"w":[0.0,0.0,0.0],"x":[0.0,0.0,92.73999786376953]}}
{"car":{"boost":false,"boost_left":33,"dodge_dir":[2.3512056226468525e-38,2.3510604481259484e-38],"dodge_timer":-1.0,"double_jumped":false,"handbrake":false,"jump":true,"jump_timer":-1.0,"jumped":true,"o":[0.025305356830358505,0.999679684638977,0.0003663698153104633,-0.9995749592781067,0.02530800923705101,-0.014471800997853279,-0.01447643805295229,-0.0,0.9998952150344849],"on_ground":false,"pitch":0.0,"roll":0.0,"steer":0.0,"supersonic":false,"throttle":0.0,"time":1004.4177856445313,"v":[0.8709999918937683,-38.48099899291992,358.46966552734375],"w":[0.010599963366985321,0.00030999997397884727,0.0],"x":[-603.189697265625,-2950.470703125,162.04835510253906],"yaw":0.0},"ball":{"v":[0.0,0.0,0.0],"w":[0.0,0.0,0.0],"x":[0.0,0.0,92.73999786376953]}}
{"car":{"boost":false,"boost_left":33,"dodge_dir":[2.3512056226468525e-38,2.3510604481259484e-38],"dodge_timer":-1.0,"double_jumped":false,"handbrake":false,"jump":true,"jump_timer":-1.0,"jumped":true,"o":[0.02530532330274582,0.999679684638977,0.0003687959397211671,-0.9995735883712769,0.02530800923705101,-0.014567634090781212,-0.014572301879525185,-0.0,0.999893844127655],"on_ground":false,"pitch":0.0,"roll":0.0,"steer":0.0,"supersonic":false,"throttle":0.0,"time":1004.4262084960938,"v":[0.8709999918937683,-38.48099899291992,353.03985595703125],"w":[0.010299419984221458,0.00030999997397884727,0.0],"x":[-603.1796264648438,-2950.791259765625,164.9922637939453],"yaw":0.0},"ball":{"v":[0.0,0.0,0.0],"w":[0.0,0.0,0.0],"x":[0.0,0.0,92.73999786376953]}}
{"car":{"boost":false,"boost_left":33,"dodge_dir":[2.3512056226468525e-38,2.3510604481259484e-38],"dodge_timer":-1.0,"double_jumped":false,"handbrake":false,"jump":true,"jump_timer":-1.0,"jumped":true,"o":[0.025305286049842834,0.999679684638977,0.00037122206413187087,-0.9995721578598022,0.02530800923705101,-0.01466346625238657,-0.014668164774775505,-0.0,0.9998924136161804],"on_ground":false,"pitch":0.0,"roll":0.0,"steer":0.0,"supersonic":false,"throttle":0.0,"time":1004.4345703125,"v":[0.8709999918937683,-38.48099899291992,347.56219482421875],"w":[0.009996226988732815,0.00030999997397884727,0.0],"x":[-603.1694946289063,-2951.114501953125,167.92083740234375],"yaw":0.0},"ball":{"v":[0.0,0.0,0.0],"w":[0.0,0.0,0.0],"x":[0.0,0.0,92.73999786376953]}}
{"car":{"boost":false,"boost_left":33,"dodge_dir":[2.3512056226468525e-38,2.3510604481259484e-38],"dodge_timer":-1.0,"double_jumped":false,"handbrake":false,"jump":true,"jump_timer":-1.0,"jumped":true,"o":[0.025305250659585,0.999679684638977,0.0003736481594387442,-0.9995707273483276,0.02530800923705101,-0.014759299345314503,-0.0147640286013484,-0.0,0.9998909831047058],"on_ground":false,"pitch":0.0,"roll":0.0,"steer":0.0,"supersonic":false,"throttle":0.0,"time":1004.4429321289063,"v":[0.8709999918937683,-38.48099899291992,342.1323547363281],"w":[0.009695682674646378,0.00030999997397884727,0.0],"x":[-603.1594848632813,-2951.435302734375,170.7740936279297],"yaw":0.0},"ball":{"v":[0.0,0.0,0.0],"w":[0.0,0.0,0.0],"x":[0.0,0.0,92.73999786376953]}}
{"car":{"boost":false,"boost_left":33,"dodge_dir":[2.3512056226468525e-38,2.3510604481259484e-38],"dodge_timer":-1.0,"double_jumped":false,"handbrake":false,"jump":true,"jump_timer":-1.0,"jumped":true,"o":[0.025305250659585,0.999679684638977,0.0003736481594387442,-0.9995707273483276,0.02530800923705101,-0.014759299345314503,-0.0147640286013484,-0.0,0.9998909831047058],"on_ground":false,"pitch":0.0,"roll":0.0,"steer":0.0,"supersonic":false,"throttle":0.0,"time":1004.4512939453125,"v":[0.8709999918937683,-38.48099899291992,336.7015380859375],"w":[0.009395084343850613,0.00030999997397884727,0.0],"x":[-603.1494750976563,-2951.755859375,173.58721923828125],"yaw":0.0},"ball":{"v":[0.0,0.0,0.0],"w":[0.0,0.0,0.0],"x":[0.0,0.0,92.73999786376953]}}
{"car":{"boost":false,"boost_left":33,"dodge_dir":[2.3512056226468525e-38,2.3510604481259484e-38],"dodge_timer":-1.0,"double_jumped":false,"handbrake":false,"jump":true,"jump_timer":-1.0,"jumped":true,"o":[0.025305215269327164,0.999679684638977,0.00037607428384944797,-0.9995693564414978,0.02530800923705101,-0.014855132438242435,-0.014859892427921295,-0.0,0.999889612197876],"on_ground":false,"pitch":0.0,"roll":0.0,"steer":0.0,"supersonic":false,"throttle":0.0,"time":1004.4596557617188,"v":[0.8709999918937683,-38.48099899291992,331.2716979980469],"w":[0.009094540029764175,0.00030999997397884727,0.0],"x":[-603.1395263671875,-2952.076416015625,176.3501434326172],"yaw":0.0},"ball":{"v":[0.0,0.0,0.0],"w":[0.0,0.0,0.0],"x":[0.0,0.0,92.73999786376953]}}
{"car":{"boost":false,"boost_left":33,"dodge_dir":[2.3512056226468525e-38,2.3510604481259484e-38],"dodge_timer":-1.0,"double_jumped":false,"handbrake":false,"jump":true,"jump_timer":-1.0,"jumped":true,"o":[0.02530517987906933,0.999679684638977,0.0003785003791563213,-0.9995679259300232,0.02530800923705101,-0.014950963668525219,-0.014955754391849041,-0.0,0.9998881816864014],"on_ground":false,"pitch":0.0,"roll":0.0,"steer":0.0,"supersonic":false,"throttle":0.0,"time":1004.468017578125,"v":[0.8709999918937683,-38.48099899291992,325.8183898925781],"w":[0.008792695589363575,0.00030999997397884727,0.0],"x":[-603.1294555664063,-2952.3984375,179.08399963378906],"yaw":0.0},"ball":{"v":[0.0,0.0,0.0],"w":[0.0,0.0,0.0],"x":[0.0,0.0,92.73999786376953]}}
{"car":{"boost":false,"boost_left":33,"dodge_dir":[2.3512056226468525e-38,2.3510604481259484e-38],"dodge_timer":-1.0,"double_jumped":false,"handbrake":false,"jump":true,"jump_timer":-1.0,"jumped":true,"o":[0.025305140763521194,0.999679684638977,0.00038092650356702507,-0.9995664358139038,0.02530800923705101,-0.015046796761453152,-0.015051618218421936,-0.0,0.999886691570282],"on_ground":false,"pitch":0.0,"roll":0.0,"steer":0.0,"supersonic":false,"throttle":0.0,"time":1004.4763793945313,"v":[0.8709999918937683,-38.48099899291992,320.37567138671875],"w":[0.008497625589370728,0.00030999997397884727,0.0],"x":[-603.119384765625,-2952.7197265625,181.76271057128906],"yaw":0.0},"ball":{"v":[0.0,0.0,0.0],"w":[0.0,0.0,0.0],"x":[0.0,0.0,92.73999786376953]}}
{"car":{"boost":true,"boost_left":33,"dodge_dir":[2.3512056226468525e-38,2.3510604481259484e-38],"dodge_timer":-1.0,"double_jumped":false,"handbrake":false,"jump":true,"jump_timer":-1.0,"jumped":true,"o":[0.025305140763521194,0.999679684638977,0.00038092650356702507,-0.9995664358139038,0.02530800923705101,-0.015046796761453152,-0.015051618218421936,-0.0,0.999886691570282],"on_ground":false,"pitch":0.0,"roll":0.0,"steer":0.0,"supersonic":false,"throttle":0.0,"time":1004.4847412109375,"v":[0.8709999918937683,-38.48099899291992,314.9360046386719],"w":[0.008296900428831577,0.00030999997397884727,0.0],"x":[-603.1093139648438,-2953.041015625,184.39898681640625],"yaw":0.0},"ball":{"v":[0.0,0.0,0.0],"w":[0.0,0.0,0.0],"x":[0.0,0.0,92.73999786376953]}}
{"car":{"boost":true,"boost_left":33,"dodge_dir":[2.3512056226468525e-38,2.3510604481259484e-38],"dodge_timer":-1.0,"double_jumped":false,"handbrake":false,"jump":true,"jump_timer":-1.0,"jumped":true,"o":[0.02530510537326336,0.999679684638977,0.0003833525988738984,-0.9995650053024292,0.02530800923705101,-0.01514262892305851,-0.015147481113672256,-0.0,0.9998852610588074],"on_ground":false,"pitch":0.0,"roll":0.0,"steer":0.0,"supersonic":false,"throttle":0.0,"time":1004.4932250976563,"v":[0.8859373927116394,-39.06853485107422,309.4762268066406],"w":[0.008095773868262768,0.00030999997397884727,0.0],"x":[-603.0992431640625,-2953.36767578125,186.99066162109375],"yaw":0.0},"ball":{"v":[0.0,0.0,0.0],"w":[0.0,0.0,0.0],"x":[0.0,0.0,92.73999786376953]}}
{"car":{"boost":true,"boost_left":33,"dodge_dir":[2.3512056226468525e-38,2.3510604481259484e-38],"dodge_timer":-1.0,"double_jumped":false,"handbrake":false,"jump":true,"jump_timer":-1.0,"jumped":true,"o":[0.025305069983005524,0.999679684638977,0.0003857786941807717,-0.9995635747909546,0.02530800923705101,-0.015238461084663868,-0.015243344008922577,-0.0,0.9998838305473328],"on_ground":false,"pitch":0.0,"roll":0.0,"steer":0.0,"supersonic":false,"throttle":0.0,"time":1004.5015869140625,"v":[1.1008265018463135,-47.53495788574219,303.8208312988281],"w":[0.007891975343227386,0.00030999997397884727,0.0],"x":[-603.0890502929688,-2953.771484375,189.5743865966797],"yaw":0.0},"ball":{"v":[0.0,0.0,0.0],"w":[0.0,0.0,0.0],"x":[0.0,0.0,92.73999786376953]}}
{"car":{"boost":true,"boost_left":32,"dodge_dir":[2.3512056226468525e-38,2.3510604481259484e-38],"dodge_timer":-1.0,"double_jumped":false,"handbrake":false,"jump":true,"jump_timer":-1.0,"jumped":true,"o":[0.025305069983005524,0.999679684638977,0.0003857786941807717,-0.9995635747909546,0.02530800923705101,-0.015238461084663868,-0.015243344008922577,-0.0,0.9998838305473328],"on_ground":false,"pitch":0.0,"roll":0.0,"steer":0.0,"supersonic":false,"throttle":0.0,"time":1004.5099487304688,"v":[1.3212332725524902,-56.36124801635742,298.2596435546875],"w":[0.007691606413573027,0.00030999997397884727,0.0],"x":[-603.0790405273438,-2954.239501953125,192.0644073486328],"yaw":0.0},"ball":{"v":[0.0,0.0,0.0],"w":[0.0,0.0,0.0],"x":[0.0,0.0,92.73999786376953]}}
{"car":{"boost":true,"boost_left":32,"dodge_dir":[2.3512056226468525e-38,2.3510604481259484e-38],"dodge_timer":-1.0,"double_jumped":false,"handbrake":false,"jump":true,"jump_timer":-1.0,"jumped":true,"o":[0.02530503086745739,0.999679684638977,0.0003882047603838146,-0.9995620846748352,0.02530800923705101,-0.015334292314946651,-0.015339205972850323,-0.0,0.9998823404312134],"on_ground":false,"pitch":0.0,"roll":0.0,"steer":0.0,"supersonic":false,"throttle":0.0,"time":1004.518310546875,"v":[1.541631817817688,-65.18721008300781,292.6895751953125],"w":[0.007491243537515402,0.00030999997397884727,0.0],"x":[-603.069091796875,-2954.787109375,194.50506591796875],"yaw":0.0},"ball":{"v":[0.0,0.0,0.0],"w":[0.0,0.0,0.0],"x":[0.0,0.0,92.73999786376953]}}
{"car":{"boost":true,"boost_left":32,"dodge_dir":[2.3512056226468525e-38,2.3510604481259484e-38],"dodge_timer":-1.0,"double_jumped":false,"handbrake":false,"jump":true,"jump_timer":-1.0,"jumped":true,"o":[0.025304993614554405,0.999679684638977,0.0003906308556906879,-0.9995605945587158,0.02530800923705101,-0.01543012447655201,-0.015435068868100643,-0.0,0.999880850315094],"on_ground":false,"pitch":0.0,"roll":0.0,"steer":0.0,"supersonic":false,"throttle":0.0,"time":1004.5266723632813,"v":[1.7620303630828857,-74.01316833496094,287.1195068359375],"w":[0.007290881127119064,0.00030999997397884727,0.0],"x":[-603.05810546875,-2955.40478515625,196.90463256835938],"yaw":0.0},"ball":{"v":[0.0,0.0,0.0],"w":[0.0,0.0,0.0],"x":[0.0,0.0,92.73999786376953]}}
{"car":{"boost":true,"boost_left":31,"dodge_dir":[2.3512056226468525e-38,2.3510604481259484e-38],"dodge_timer":-1.0,"double_jumped":false,"handbrake":false,"jump":true,"jump_timer":-1.0,"jumped":true,"o":[0.025304993614554405,0.999679684638977,0.0003906308556906879,-0.9995605945587158,0.02530800923705101,-0.01543012447655201,-0.015435068868100643,-0.0,0.999880850315094],"on_ground":false,"pitch":0.0,"roll":0.0,"steer":0.0,"supersonic":false,"throttle":0.0,"time":1004.5350952148438,"v":[1.982420802116394,-82.83879852294922,281.5496520996094],"w":[0.007090526632964611,0.00030999997397884727,0.0],"x":[-603.0380249023438,-2956.093994140625,199.25393676757813],"yaw":0.0},"ball":{"v":[0.0,0.0,0.0],"w":[0.0,0.0,0.0],"x":[0.0,0.0,92.73999786376953]}}
{"car":{"boost":false,"boost_left":31,"dodge_dir":[2.3512056226468525e-38,2.3510604481259484e-38],"dodge_timer":-1.0,"double_jumped":false,"handbrake":false,"jump":true,"jump_timer":-1.0,"jumped":true,"o":[0.02530495636165142,0.999679684638977,0.0003930569509975612,-0.9995591044425964,0.02530800923705101,-0.015525956638157368,-0.015530931763350964,-0.0,0.9998793601989746],"on_ground":false,"pitch":0.0,"roll":0.0,"steer":0.0,"supersonic":false,"throttle":0.0,"time":1004.54345703125,"v":[2.2054150104522705,-91.76870727539063,275.9139709472656],"w":[0.006887804716825485,0.00030999997397884727,0.0],"x":[-603.0177612304688,-2956.8720703125,201.580810546875],"yaw":0.0},"ball":{"v":[0.0,0.0,0.0],"w":[0.0,0.0,0.0],"x":[0.0,0.0,92.73999786376953]}}
{"car":{"boost":false,"boost_left":31,"dodge_dir":[2.3512056226468525e-38,2.3510604481259484e-38],"dodge_timer":-1.0,"double_jumped":false,"handbrake":false,"jump":true,"jump_timer":-1.0,"jumped":true,"o":[0.025304919108748436,0.999679684638977,0.00039548304630443454,-0.999557614326477,0.02530800923705101,-0.015621787868440151,-0.01562679372727871,-0.0,0.9998778700828552],"on_ground":false,"pitch":0.0,"roll":0.0,"steer":0.0,"supersonic":false,"throttle":0.0,"time":1004.5518188476563,"v":[2.4258134365081787,-100.59466552734375,270.3439025878906],"w":[0.006687442306429148,0.00030999997397884727,0.0],"x":[-602.9977416992188,-2957.71142578125,203.83926391601563],"yaw":0.0},"ball":{"v":[0.0,0.0,0.0],"w":[0.0,0.0,0.0],"x":[0.0,0.0,92.73999786376953]}}
{"car":{"boost":false,"boost_left":31,"dodge_dir":[2.3512056226468525e-38,2.3510604481259484e-38],"dodge_timer":-1.0,"double_jumped":false,"handbrake":false,"jump":true,"jump_timer":-1.0,"jumped":true,"o":[0.025304919108748436,0.999679684638977,0.00039548304630443454,-0.999557614326477,0.02530800923705101,-0.015621787868440151,-0.01562679372727871,-0.0,0.9998778700828552],"on_ground":false,"pitch":0.0,"roll":0.0,"steer":0.0,"supersonic":false,"throttle":0.0,"time":1004.5601806640625,"v":[2.6462037563323975,-109.42029571533203,264.7740478515625],"w":[0.00648708688095212,0.00030999997397884727,0.0],"x":[-602.9776611328125,-2958.622314453125,206.04859924316406],"yaw":0.0},"ball":{"v":[0.0,0.0,0.0],"w":[0.0,0.0,0.0],"x":[0.0,0.0,92.73999786376953]}}
{"car":{"boost":false,"boost_left":30,"dodge_dir":[2.3512056226468525e-38,2.3510604481259484e-38],"dodge_timer":-1.0,"double_jumped":false,"handbrake":false,"jump":true,"jump_timer":-1.0,"jumped":true,"o":[0.025304879993200302,0.999679684638977,0.00039790908340364695,-0.9995561242103577,0.02530800923705101,-0.01571761816740036,-0.01572265475988388,-0.0,0.9998763799667358],"on_ground":false,"pitch":0.0,"roll":0.0,"steer":0.0,"supersonic":false,"throttle":0.0,"time":1004.5685424804688,"v":[2.8665859699249268,-118.24560546875,259.2043762207031],"w":[0.0062867398373782635,0.00030999997397884727,0.0],"x":[-602.9564819335938,-2959.612060546875,208.216552734375],"yaw":0.0},"ball":{"v":[0.0,0.0,0.0],"w":[0.0,0.0,0.0],"x":[0.0,0.0,92.73999786376953]}}
{"car":{"boost":false,"boost_left":30,"dodge_dir":[2.3512056226468525e-38,2.3510604481259484e-38],"dodge_timer":-1.0,"double_jumped":false,"handbrake":false,"jump":true,"jump_timer":-1.0,"jumped":true,"o":[0.025304842740297318,0.999679684638977,0.00040033517871052027,-0.9995546340942383,0.02530800923705101,-0.015813451260328293,-0.0158185176551342,-0.0,0.9998748898506165],"on_ground":false,"pitch":0.0,"roll":0.0,"steer":0.0,"supersonic":false,"throttle":0.0,"time":1004.5853271484375,"v":[3.310542106628418,-136.02403259277344,247.98439025878906],"w":[0.005883143283426762,0.00030999997397884727,0.0],"x":[-602.8959350585938,-2961.821044921875,212.43258666992188],"yaw":0.0},"ball":{"v":[0.0,0.0,0.0],"w":[0.0,0.0,0.0],"x":[0.0,0.0,92.73999786376953]}}
{"car":{"boost":false,"boost_left":29,"dodge_dir":[2.3512056226468525e-38,2.3510604481259484e-38],"dodge_timer":-1.0,"double_jumped":false,"handbrake":false,"jump":true,"jump_timer":-1.0,"jumped":true,"o":[0.025304842740297318,0.999679684638977,0.00040033517871052027,-0.9995546340942383,0.02530800923705101,-0.015813451260328293,-0.0158185176551342,-0.0,0.9998748898506165],"on_ground":false,"pitch":0.0,"roll":0.0,"steer":0.0,"supersonic":false,"throttle":0.0,"time":1004.5936889648438,"v":[3.5023601055145264,-143.72581481933594,242.4324188232422],"w":[0.005682795774191618,0.0002963979495689273,0.0],"x":[-602.8659057617188,-2963.023193359375,214.45932006835938],"yaw":0.0},"ball":{"v":[0.0,0.0,0.0],"w":[0.0,0.0,0.0],"x":[0.0,0.0,92.73999786376953]}}
{"car":{"boost":false,"boost_left":29,"dodge_dir":[2.3512056226468525e-38,2.3510604481259484e-38],"dodge_timer":-1.0,"double_jumped":false,"handbrake":false,"jump":true,"jump_timer":-1.0,"jumped":true,"o":[0.025304803624749184,0.999679684638977,0.00040276124491356313,-0.9995530843734741,0.02530800923705101,-0.015909280627965927,-0.015914378687739372,-0.0,0.9998733401298523],"on_ground":false,"pitch":0.0,"roll":0.0,"steer":0.0,"supersonic":false,"throttle":0.0,"time":1004.6104736328125,"v":[3.510999917984009,-144.2010040283203,231.5263214111328],"w":[0.005280676297843456,0.0002099999983329326,0.0],"x":[-602.8056030273438,-2965.43603515625,218.38711547851563],"yaw":0.0},"ball":{"v":[0.0,0.0,0.0],"w":[0.0,0.0,0.0],"x":[0.0,0.0,92.73999786376953]}}
{"car":{"boost":false,"boost_left":29,"dodge_dir":[2.3512056226468525e-38,2.3510604481259484e-38],"dodge_timer":-1.0,"double_jumped":false,"handbrake":false,"jump":true,"jump_timer":-1.0,"jumped":true,"o":[0.0253047663718462,0.999679684638977,0.00040518734022043645,-0.9995515942573547,0.02530800923705101,-0.01600511372089386,-0.016010241582989693,-0.0,0.9998718500137329],"on_ground":false,"pitch":0.0,"roll":0.0,"steer":0.0,"supersonic":false,"throttle":0.0,"time":1004.6188354492188,"v":[3.510999917984009,-144.2010040283203,226.09690856933594],"w":[0.005080328788608313,0.0002099999983329326,0.0],"x":[-602.7755126953125,-2966.637939453125,220.2744598388672],"yaw":0.0},"ball":{"v":[0.0,0.0,0.0],"w":[0.0,0.0,0.0],"x":[0.0,0.0,92.73999786376953]}}
{"car":{"boost":false,"boost_left":29,"dodge_dir":[2.3512056226468525e-38,2.3510604481259484e-38],"dodge_timer":-1.0,"double_jumped":false,"handbrake":false,"jump":true,"jump_timer":-1.0,"jumped":true,"o":[0.025304727256298065,0.999679684638977,0.0004076133482158184,-0.9995500445365906,0.02530800923705101,-0.016100941225886345,-0.016106100752949715,-0.0,0.9998703002929688],"on_ground":false,"pitch":0.0,"roll":0.0,"steer":0.0,"supersonic":false,"throttle":0.0,"time":1004.6355590820313,"v":[3.510999917984009,-144.2010040283203,215.2384796142578],"w":[0.004679648671299219,0.0002099999983329326,0.0],"x":[-602.7153930664063,-2969.0419921875,223.91708374023438],"yaw":0.0},"ball":{"v":[0.0,0.0,0.0],"w":[0.0,0.0,0.0],"x":[0.0,0.0,92.73999786376953]}}
{"car":{"boost":false,"boost_left":29,"dodge_dir":[2.3512056226468525e-38,2.3510604481259484e-38],"dodge_timer":-1.0,"double_jumped":false,"handbrake":false,"jump":true,"jump_timer":-1.0,"jumped":true,"o":[0.025304727256298065,0.999679684638977,0.0004076133482158184,-0.9995500445365906,0.02530800923705101,-0.016100941225886345,-0.016106100752949715,-0.0,0.9998703002929688],"on_ground":false,"pitch":0.0,"roll":0.0,"steer":0.0,"supersonic":false,"throttle":0.0,"time":1004.6439208984375,"v":[3.510999917984009,-144.2010040283203,209.80946350097656],"w":[0.00449465773999691,0.0002099999983329326,0.0],"x":[-602.6854248046875,-2970.243896484375,225.67233276367188],"yaw":0.0},"ball":{"v":[0.0,0.0,0.0],"w":[0.0,0.0,0.0],"x":[0.0,0.0,92.73999786376953]}}
{"car":{"boost":false,"boost_left":29,"dodge_dir":[2.3512056226468525e-38,2.3510604481259484e-38],"dodge_timer":-1.0,"double_jumped":false,"handbrake":false,"jump":true,"jump_timer":-1.0,"jumped":true,"o":[0.02530468814074993,0.999679684638977,0.0004100393853150308,-0.9995484948158264,0.02530800923705101,-0.01619677245616913,-0.016201961785554886,-0.0,0.9998687505722046],"on_ground":false,"pitch":0.0,"roll":0.0,"steer":0.0,"supersonic":false,"throttle":0.0,"time":1004.6607055664063,"v":[3.510999917984009,-144.2010040283203,198.94581604003906],"w":[0.004294221289455891,0.0002099999983329326,0.0],"x":[-602.625244140625,-2972.6494140625,229.0456085205078],"yaw":0.0},"ball":{"v":[0.0,0.0,0.0],"w":[0.0,0.0,0.0],"x":[0.0,0.0,92.73999786376953]}}
{"car":{"boost":false,"boost_left":29,"dodge_dir":[2.3512056226468525e-38,2.3510604481259484e-38],"dodge_timer":-1.0,"double_jumped":false,"handbrake":false,"jump":true,"jump_timer":-1.0,"jumped":true,"o":[0.02530468814074993,0.999679684638977,0.0004100393853150308,-0.9995484948158264,0.02530800923705101,-0.01619677245616913,-0.016201961785554886,-0.0,0.9998687505722046],"on_ground":false,"pitch":0.0,"roll":0.0,"steer":0.0,"supersonic":false,"throttle":0.0,"time":1004.6690673828125,"v":[3.510999917984009,-144.2010040283203,193.46751403808594],"w":[0.004193146247416735,0.0002099999983329326,0.0],"x":[-602.5949096679688,-2973.862060546875,230.67459106445313],"yaw":0.0},"ball":{"v":[0.0,0.0,0.0],"w":[0.0,0.0,0.0],"x":[0.0,0.0,92.73999786376953]}}
{"car":{"boost":false,"boost_left":29,"dodge_dir":[2.3512056226468525e-38,2.3510604481259484e-38],"dodge_timer":-1.0,"double_jumped":false,"handbrake":false,"jump":true,"jump_timer":-1.0,"jumped":true,"o":[0.02530468814074993,0.999679684638977,0.0004100393853150308,-0.9995484948158264,0.02530800923705101,-0.01619677245616913,-0.016201961785554886,-0.0,0.9998687505722046],"on_ground":false,"pitch":0.0,"roll":0.0,"steer":0.0,"supersonic":false,"throttle":0.0,"time":1004.6774291992188,"v":[3.510999917984009,-144.2010040283203,188.0384979248047],"w":[0.004092979710549116,0.0002099999983329326,0.0],"x":[-602.5648803710938,-2975.064208984375,232.2404022216797],"yaw":0.0},"ball":{"v":[0.0,0.0,0.0],"w":[0.0,0.0,0.0],"x":[0.0,0.0,92.73999786376953]}}
{"car":{"boost":false,"boost_left":29,"dodge_dir":[2.3512056226468525e-38,2.3510604481259484e-38],"dodge_timer":-1.0,"double_jumped":false,"handbrake":false,"jump":true,"jump_timer":-1.0,"jumped":true,"o":[0.025304649025201797,0.999679684638977,0.0004124655097257346,-0.9995469450950623,0.02530800923705101,-0.016292603686451912,-0.016297824680805206,-0.0,0.9998672008514404],"on_ground":false,"pitch":0.0,"roll":0.0,"steer":0.0,"supersonic":false,"throttle":0.0,"time":1004.685791015625,"v":[3.510999917984009,-144.2010040283203,182.60948181152344],"w":[0.003992813173681498,0.0002099999983329326,0.0],"x":[-602.5348510742188,-2976.26611328125,233.7643585205078],"yaw":0.0},"ball":{"v":[0.0,0.0,0.0],"w":[0.0,0.0,0.0],"x":[0.0,0.0,92.73999786376953]}}
{"car":{"boost":false,"boost_left":29,"dodge_dir":[2.3512056226468525e-38,2.3510604481259484e-38],"dodge_timer":-1.0,"double_jumped":false,"handbrake":false,"jump":true,"jump_timer":-1.0,"jumped":true,"o":[0.025304649025201797,0.999679684638977,0.0004124655097257346,-0.9995469450950623,0.02530800923705101,-0.016292603686451912,-0.016297824680805206,-0.0,0.9998672008514404],"on_ground":false,"pitch":0.0,"roll":0.0,"steer":0.0,"supersonic":false,"throttle":0.0,"time":1004.7025146484375,"v":[3.510999917984009,-144.2010040283203,171.7337646484375],"w":[0.003792154137045145,0.0002099999983329326,0.0],"x":[-602.474609375,-2978.674072265625,236.6780548095703],"yaw":0.0},"ball":{"v":[0.0,0.0,0.0],"w":[0.0,0.0,0.0],"x":[0.0,0.0,92.73999786376953]}}
{"car":{"boost":false,"boost_left":29,"dodge_dir":[2.3512056226468525e-38,2.3510604481259484e-38],"dodge_timer":-1.0,"double_jumped":false,"handbrake":false,"jump":true,"jump_timer":-1.0,"jumped":true,"o":[0.025304608047008514,0.999679684638977,0.000414891546824947,-0.9995453357696533,0.02530800923705101,-0.016388434916734695,-0.016393685713410378,-0.0,0.9998655915260315],"on_ground":false,"pitch":0.0,"roll":0.0,"steer":0.0,"supersonic":false,"throttle":0.0,"time":1004.7109985351563,"v":[3.510999917984009,-144.2010040283203,166.30474853515625],"w":[0.0036919880658388138,0.0002099999983329326,0.0],"x":[-602.444580078125,-2979.8759765625,238.0631561279297],"yaw":0.0},"ball":{"v":[0.0,0.0,0.0],"w":[0.0,0.0,0.0],"x":[0.0,0.0,92.73999786376953]}}
{"car":{"boost":false,"boost_left":29,"dodge_dir":[2.3512056226468525e-38,2.3510604481259484e-38],"dodge_timer":-1.0,"double_jumped":false,"handbrake":false,"jump":true,"jump_timer":-1.0,"jumped":true,"o":[0.025304608047008514,0.999679684638977,0.000414891546824947,-0.9995453357696533,0.02530800923705101,-0.016388434916734695,-0.016393685713410378,-0.0,0.9998655915260315],"on_ground":false,"pitch":0.0,"roll":0.0,"steer":0.0,"supersonic":false,"throttle":0.0,"time":1004.7277221679688,"v":[3.510999917984009,-144.2010040283203,155.3759307861328],"w":[0.0034903492778539658,0.0002099999983329326,0.0],"x":[-602.3840942382813,-2982.295654296875,240.7176055908203],"yaw":0.0},"ball":{"v":[0.0,0.0,0.0],"w":[0.0,0.0,0.0],"x":[0.0,0.0,92.73999786376953]}}
{"car":{"boost":false,"boost_left":29,"dodge_dir":[2.3512056226468525e-38,2.3510604481259484e-38],"dodge_timer":-1.0,"double_jumped":false,"handbrake":false,"jump":true,"jump_timer":-1.0,"jumped":true,"o":[0.025304608047008514,0.999679684638977,0.000414891546824947,-0.9995453357696533,0.02530800923705101,-0.016388434916734695,-0.016393685713410378,-0.0,0.9998655915260315],"on_ground":false,"pitch":0.0,"roll":0.0,"steer":0.0,"supersonic":false,"throttle":0.0,"time":1004.736083984375,"v":[3.510999917984009,-144.2010040283203,149.94691467285156],"w":[0.003390182973816991,0.0002099999983329326,0.0],"x":[-602.3540649414063,-2983.497802734375,241.96978759765625],"yaw":0.0},"ball":{"v":[0.0,0.0,0.0],"w":[0.0,0.0,0.0],"x":[0.0,0.0,92.73999786376953]}}
