{"car":{"boost":false,"boost_left":34,"dodge_dir":[0.0054214634001255035,4.428103147266422e-43],"dodge_timer":-1.0,"double_jumped":false,"handbrake":false,"jump":false,"jump_timer":-1.0,"jumped":false,"o":[0.7070736289024353,-0.7071067690849304,0.0068469881080091,0.7070736289024353,0.7071067690849304,0.0068469881080091,-0.009683103300631046,-0.0,0.9999530911445618],"on_ground":true,"pitch":0.0,"roll":0.0,"steer":0.0,"supersonic":false,"throttle":0.0,"time":67.83403015136719,"v":[0.050999995321035385,0.050999995321035385,8.321000099182129],"w":[0.0005099999834783375,-0.0002099999983329326,0.0],"x":[-2047.989990234375,-2559.989990234375,17.010000228881836],"yaw":0.0},"ball":{"v":[0.0,0.0,0.0],"w":[0.0,0.0,0.0],"x":[0.0,0.0,92.73999786376953]}}
{"car":{"boost":false,"boost_left":34,"dodge_dir":[0.0054214634001255035,4.428103147266422e-43],"dodge_timer":-1.0,"double_jumped":false,"handbrake":false,"jump":false,"jump_timer":-1.0,"jumped":false,"o":[0.7070736289024353,-0.7071067690849304,0.0068469881080091,0.7070736289024353,0.7071067690849304,0.0068469881080091,-0.009683103300631046,-0.0,0.9999530911445618],"on_ground":true,"pitch":0.0,"roll":0.0,"steer":0.0,"supersonic":false,"throttle":0.0,"time":67.84237670898438,"v":[0.050999995321035385,0.050999995321035385,8.321000099182129],"w":[0.0005099999834783375,-0.0002099999983329326,0.0],"x":[-2047.989990234375,-2559.989990234375,17.010000228881836],"yaw":0.0},"ball":{"v":[0.0,0.0,0.0],"w":[0.0,0.0,0.0],"x":[0.0,0.0,92.73999786376953]}}
{"car":{"boost":false,"boost_left":34,"dodge_dir":[0.0054214634001255035,4.428103147266422e-43],"dodge_timer":-1.0,"double_jumped":false,"handbrake":false,"jump":false,"jump_timer":-1.0,"jumped":false,"o":[0.7070736289024353,-0.7071067690849304,0.0068469881080091,0.7070736289024353,0.7071067690849304,0.0068469881080091,-0.009683103300631046,-0.0,0.9999530911445618],"on_ground":true,"pitch":0.0,"roll":0.0,"steer":0.0,"supersonic":false,"throttle":0.0,"time":67.85076141357422,"v":[0.050999995321035385,0.050999995321035385,8.321000099182129],"w":[0.0005099999834783375,-0.0002099999983329326,0.0],"x":[-2047.989990234375,-2559.989990234375,17.010000228881836],"yaw":0.0},"ball":{"v":[0.0,0.0,0.0],"w":[0.0,0.0,0.0],"x":[0.0,0.0,92.73999786376953]}}
{"car":{"boost":false,"boost_left":34,"dodge_dir":[0.0054214634001255035,4.428103147266422e-43],"dodge_timer":-1.0,"double_jumped":false,"handbrake":false,"jump":false,"jump_timer":-1.0,"jumped":false,"o":[0.7070736289024353,-0.7071067690849304,0.0068469881080091,0.7070736289024353,0.7071067690849304,0.0068469881080091,-0.009683103300631046,-0.0,0.9999530911445618],"on_ground":true,"pitch":0.0,"roll":0.0,"steer":0.0,"supersonic":false,"throttle":0.0,"time":67.85911560058594,"v":[0.050999995321035385,0.050999995321035385,8.321000099182129],"w":[0.0005099999834783375,-0.0002099999983329326,0.0],"x":[-2047.989990234375,-2559.989990234375,17.010000228881836],"yaw":0.0},"ball":{"v":[0.0,0.0,0.0],"w":[0.0,0.0,0.0],"x":[0.0,0.0,92.73999786376953]}}
{"car":{"boost":false,"boost_left":34,"dodge_dir":[0.0054214634001255035,4.428103147266422e-43],"dodge_timer":-1.0,"double_jumped":false,"handbrake":false,"jump":false,"jump_timer":-1.0,"jumped":false,"o":[0.7070736289024353,-0.7071067690849304,0.0068469881080091,0.7070736289024353,0.7071067690849304,0.0068469881080091,-0.009683103300631046,-0.0,0.9999530911445618],"on_ground":true,"pitch":0.0,"roll":0.0,"steer":0.0,"supersonic":false,"throttle":0.0,"time":67.87594604492188,"v":[0.050999995321035385,0.050999995321035385,8.321000099182129],"w":[0.0005099999834783375,-0.0002099999983329326,0.0],"x":[-2047.989990234375,-2559.989990234375,17.010000228881836],"yaw":0.0},"ball":{"v":[0.0,0.0,0.0],"w":[0.0,0.0,0.0],"x":[0.0,0.0,92.73999786376953]}}
{"car":{"boost":false,"boost_left":34,"dodge_dir":[0.0054214634001255035,4.428103147266422e-43],"dodge_timer":-1.0,"double_jumped":false,"handbrake":false,"jump":false,"jump_timer":-1.0,"jumped":false,"o":[0.7070736289024353,-0.7071067690849304,0.0068469881080091,0.7070736289024353,0.7071067690849304,0.0068469881080091,-0.009683103300631046,-0.0,0.9999530911445618],"on_ground":true,"pitch":0.0,"roll":0.0,"steer":0.0,"supersonic":false,"throttle":0.0,"time":67.89262390136719,"v":[0.050999995321035385,0.050999995321035385,8.321000099182129],"w":[0.0005099999834783375,-0.0002099999983329326,0.0],"x":[-2047.989990234375,-2559.989990234375,17.010000228881836],"yaw":0.0},"ball":{"v":[0.0,0.0,0.0],"w":[0.0,0.0,0.0],"x":[0.0,0.0,92.73999786376953]}}
{"car":{"boost":false,"boost_left":34,"dodge_dir":[0.0054214634001255035,4.428103147266422e-43],"dodge_timer":-1.0,"double_jumped":false,"handbrake":false,"jump":false,"jump_timer":-1.0,"jumped":false,"o":[0.7070736289024353,-0.7071067690849304,0.0068469881080091,0.7070736289024353,0.7071067690849304,0.0068469881080091,-0.009683103300631046,-0.0,0.9999530911445618],"on_ground":true,"pitch":0.0,"roll":0.0,"steer":0.0,"supersonic":false,"throttle":0.0,"time":67.9009780883789,"v":[0.050999995321035385,0.050999995321035385,8.321000099182129],"w":[0.0005099999834783375,-0.0002099999983329326,0.0],"x":[-2047.989990234375,-2559.989990234375,17.010000228881836],"yaw":0.0},"ball":{"v":[0.0,0.0,0.0],"w":[0.0,0.0,0.0],"x":[0.0,0.0,92.73999786376953]}}
{"car":{"boost":false,"boost_left":34,"dodge_dir":[0.0054214634001255035,4.428103147266422e-43],"dodge_timer":-1.0,"double_jumped":false,"handbrake":false,"jump":false,"jump_timer":-1.0,"jumped":false,"o":[0.7070736289024353,-0.7071067690849304,0.0068469881080091,0.7070736289024353,0.7071067690849304,0.0068469881080091,-0.009683103300631046,-0.0,0.9999530911445618],"on_ground":true,"pitch":0.0,"roll":0.0,"steer":0.0,"supersonic":false,"throttle":0.0,"time":67.91783142089844,"v":[0.050999995321035385,0.050999995321035385,8.321000099182129],"w":[0.0005099999834783375,-0.0002099999983329326,0.0],"x":[-2047.989990234375,-2559.989990234375,17.010000228881836],"yaw":0.0},"ball":{"v":[0.0,0.0,0.0],"w":[0.0,0.0,0.0],"x":[0.0,0.0,92.73999786376953]}}
{"car":{"boost":false,"boost_left":34,"dodge_dir":[0.0054214634001255035,4.428103147266422e-43],"dodge_timer":-1.0,"double_jumped":false,"handbrake":false,"jump":false,"jump_timer":-1.0,"jumped":false,"o":[0.7070736289024353,-0.7071067690849304,0.0068469881080091,0.7070736289024353,0.7071067690849304,0.0068469881080091,-0.009683103300631046,-0.0,0.9999530911445618],"on_ground":true,"pitch":0.0,"roll":0.0,"steer":0.0,"supersonic":false,"throttle":0.0,"time":67.9261703491211,"v":[0.050999995321035385,0.050999995321035385,8.321000099182129],"w":[0.0005099999834783375,-0.0002099999983329326,0.0],"x":[-2047.989990234375,-2559.989990234375,17.010000228881836],"yaw":0.0},"ball":{"v":[0.0,0.0,0.0],"w":[0.0,0.0,0.0],"x":[0.0,0.0,92.73999786376953]}}
{"car":{"boost":false,"boost_left":34,"dodge_dir":[0.0054214634001255035,4.428103147266422e-43],"dodge_timer":-1.0,"double_jumped":false,"handbrake":false,"jump":false,"jump_timer":-1.0,"jumped":false,"o":[0.7070736289024353,-0.7071067690849304,0.0068469881080091,0.7070736289024353,0.7071067690849304,0.0068469881080091,-0.009683103300631046,-0.0,0.9999530911445618],"on_ground":true,"pitch":0.0,"roll":0.0,"steer":0.0,"supersonic":false,"throttle":0.0,"time":67.93450927734375,"v":[0.050999995321035385,0.050999995321035385,8.321000099182129],"w":[0.0005099999834783375,-0.0002099999983329326,0.0],"x":[-2047.989990234375,-2559.989990234375,17.010000228881836],"yaw":0.0},"ball":{"v":[0.0,0.0,0.0],"w":[0.0,0.0,0.0],"x":[0.0,0.0,92.73999786376953]}}
{"car":{"boost":false,"boost_left":34,"dodge_dir":[0.0054214634001255035,4.428103147266422e-43],"dodge_timer":-1.0,"double_jumped":false,"handbrake":false,"jump":false,"jump_timer":-1.0,"jumped":false,"o":[0.7070736289024353,-0.7071067690849304,0.0068469881080091,0.7070736289024353,0.7071067690849304,0.0068469881080091,-0.009683103300631046,-0.0,0.9999530911445618],"on_ground":true,"pitch":0.0,"roll":0.0,"steer":0.0,"supersonic":false,"throttle":0.0,"time":67.9428482055664,"v":[0.050999995321035385,0.050999995321035385,8.321000099182129],"w":[0.0005099999834783375,-0.0002099999983329326,0.0],"x":[-2047.989990234375,-2559.989990234375,17.010000228881836],"yaw":0.0},"ball":{"v":[0.0,0.0,0.0],"w":[0.0,0.0,0.0],"x":[0.0,0.0,92.73999786376953]}}
{"car":{"boost":false,"boost_left":34,"dodge_dir":[0.0054214634001255035,4.428103147266422e-43],"dodge_timer":-1.0,"double_jumped":false,"handbrake":false,"jump":false,"jump_timer":-1.0,"jumped":false,"o":[0.7070736289024353,-0.7071067690849304,0.0068469881080091,0.7070736289024353,0.7071067690849304,0.0068469881080091,-0.009683103300631046,-0.0,0.9999530911445618],"on_ground":true,"pitch":0.0,"roll":0.0,"steer":0.0,"supersonic":false,"throttle":0.0,"time":67.95121002197266,"v":[0.050999995321035385,0.050999995321035385,8.321000099182129],"w":[0.0005099999834783375,-0.0002099999983329326,0.0],"x":[-2047.989990234375,-2559.989990234375,17.010000228881836],"yaw":0.0},"ball":{"v":[0.0,0.0,0.0],"w":[0.0,0.0,0.0],"x":[0.0,0.0,92.73999786376953]}}
{"car":{"boost":false,"boost_left":34,"dodge_dir":[0.0054214634001255035,4.428103147266422e-43],"dodge_timer":-1.0,"double_jumped":false,"handbrake":false,"jump":false,"jump_timer":-1.0,"jumped":false,"o":[0.7070736289024353,-0.7071067690849304,0.0068469881080091,0.7070736289024353,0.7071067690849304,0.0068469881080091,-0.009683103300631046,-0.0,0.9999530911445618],"on_ground":true,"pitch":0.0,"roll":0.0,"steer":0.0,"supersonic":false,"throttle":0.0,"time":67.9595718383789,"v":[0.050999995321035385,0.050999995321035385,8.321000099182129],"w":[0.0005099999834783375,-0.0002099999983329326,0.0],"x":[-2047.989990234375,-2559.989990234375,17.010000228881836],"yaw":0.0},"ball":{"v":[0.0,0.0,0.0],"w":[0.0,0.0,0.0],"x":[0.0,0.0,92.73999786376953]}}
{"car":{"boost":false,"boost_left":34,"dodge_dir":[0.0054214634001255035,4.428103147266422e-43],"dodge_timer":-1.0,"double_jumped":false,"handbrake":false,"jump":false,"jump_timer":-1.0,"jumped":false,"o":[0.7070736289024353,-0.7071067690849304,0.0068469881080091,0.7070736289024353,0.7071067690849304,0.0068469881080091,-0.009683103300631046,-0.0,0.9999530911445618],"on_ground":true,"pitch":0.0,"roll":0.0,"steer":0.0,"supersonic":false,"throttle":0.0,"time":67.96796417236328,"v":[0.050999995321035385,0.050999995321035385,8.321000099182129],"w":[0.0005099999834783375,-0.0002099999983329326,0.0],"x":[-2047.989990234375,-2559.989990234375,17.010000228881836],"yaw":0.0},"ball":{"v":[0.0,0.0,0.0],"w":[0.0,0.0,0.0],"x":[0.0,0.0,92.73999786376953]}}
{"car":{"boost":false,"boost_left":34,"dodge_dir":[0.0054214634001255035,4.428103147266422e-43],"dodge_timer":-1.0,"double_jumped":false,"handbrake":false,"jump":false,"jump_timer":-1.0,"jumped":false,"o":[0.7070736289024353,-0.7071067690849304,0.0068469881080091,0.7070736289024353,0.7071067690849304,0.0068469881080091,-0.009683103300631046,-0.0,0.9999530911445618],"on_ground":true,"pitch":0.0,"roll":0.0,"steer":0.0,"supersonic":false,"throttle":0.0,"time":67.97632598876953,"v":[0.050999995321035385,0.050999995321035385,8.321000099182129],"w":[0.0005099999834783375,-0.0002099999983329326,0.0],"x":[-2047.989990234375,-2559.989990234375,17.010000228881836],"yaw":0.0},"ball":{"v":[0.0,0.0,0.0],"w":[0.0,0.0,0.0],"x":[0.0,0.0,92.73999786376953]}}
{"car":{"boost":false,"boost_left":34,"dodge_dir":[0.0054214634001255035,4.428103147266422e-43],"dodge_timer":-1.0,"double_jumped":false,"handbrake":false,"jump":false,"jump_timer":-1.0,"jumped":false,"o":[0.7070736289024353,-0.7071067690849304,0.0068469881080091,0.7070736289024353,0.7071067690849304,0.0068469881080091,-0.009683103300631046,-0.0,0.9999530911445618],"on_ground":true,"pitch":0.0,"roll":0.0,"steer":0.0,"supersonic":false,"throttle":0.0,"time":67.98469543457031,"v":[0.050999995321035385,0.050999995321035385,8.321000099182129],"w":[0.0005099999834783375,-0.0002099999983329326,0.0],"x":[-2047.989990234375,-2559.989990234375,17.010000228881836],"yaw":0.0},"ball":{"v":[0.0,0.0,0.0],"w":[0.0,0.0,0.0],"x":[0.0,0.0,92.73999786376953]}}
{"car":{"boost":false,"boost_left":34,"dodge_dir":[0.0054214634001255035,4.428103147266422e-43],"dodge_timer":-1.0,"double_jumped":false,"handbrake":false,"jump":false,"jump_timer":-1.0,"jumped":false,"o":[0.7070736289024353,-0.7071067690849304,0.0068469881080091,0.7070736289024353,0.7071067690849304,0.0068469881080091,-0.009683103300631046,-0.0,0.9999530911445618],"on_ground":true,"pitch":0.0,"roll":0.0,"steer":0.0,"supersonic":false,"throttle":0.0,"time":67.99308776855469,"v":[0.050999995321035385,0.050999995321035385,8.321000099182129],"w":[0.0005099999834783375,-0.0002099999983329326,0.0],"x":[-2047.989990234375,-2559.989990234375,17.010000228881836],"yaw":0.0},"ball":{"v":[0.0,0.0,0.0],"w":[0.0,0.0,0.0],"x":[0.0,0.0,92.73999786376953]}}
{"car":{"boost":false,"boost_left":34,"dodge_dir":[0.0054214634001255035,4.428103147266422e-43],"dodge_timer":-1.0,"double_jumped":false,"handbrake":false,"jump":false,"jump_timer":-1.0,"jumped":false,"o":[0.7070736289024353,-0.7071067690849304,0.0068469881080091,0.7070736289024353,0.7071067690849304,0.0068469881080091,-0.009683103300631046,-0.0,0.9999530911445618],"on_ground":true,"pitch":0.0,"roll":0.0,"steer":0.0,"supersonic":false,"throttle":0.0,"time":68.00145721435547,"v":[0.050999995321035385,0.050999995321035385,8.321000099182129],"w":[0.0005099999834783375,-0.0002099999983329326,0.0],"x":[-2047.989990234375,-2559.989990234375,17.010000228881836],"yaw":0.0},"ball":{"v":[0.0,0.0,0.0],"w":[0.0,0.0,0.0],"x":[0.0,0.0,92.73999786376953]}}
{"car":{"boost":false,"boost_left":34,"dodge_dir":[0.0054214634001255035,4.428103147266422e-43],"dodge_timer":-1.0,"double_jumped":false,"handbrake":false,"jump":false,"jump_timer":-1.0,"jumped":false,"o":[0.7070736289024353,-0.7071067690849304,0.0068469881080091,0.7070736289024353,0.7071067690849304,0.0068469881080091,-0.009683103300631046,-0.0,0.9999530911445618],"on_ground":true,"pitch":0.0,"roll":0.0,"steer":0.0,"supersonic":false,"throttle":0.0,"time":68.00985717773438,"v":[0.050999995321035385,0.050999995321035385,8.321000099182129],"w":[0.0005099999834783375,-0.0002099999983329326,0.0],"x":[-2047.989990234375,-2559.989990234375,17.010000228881836],"yaw":0.0},"ball":{"v":[0.0,0.0,0.0],"w":[0.0,0.0,0.0],"x":[0.0,0.0,92.73999786376953]}}
{"car":{"boost":false,"boost_left":34,"dodge_dir":[0.0054214634001255035,4.428103147266422e-43],"dodge_timer":-1.0,"double_jumped":false,"handbrake":false,"jump":false,"jump_timer":-1.0,"jumped":false,"o":[0.7070736289024353,-0.7071067690849304,0.0068469881080091,0.7070736289024353,0.7071067690849304,0.0068469881080091,-0.009683103300631046,-0.0,0.9999530911445618],"on_ground":true,"pitch":0.0,"roll":0.0,"steer":0.0,"supersonic":false,"throttle":0.0,"time":68.01822662353516,"v":[0.050999995321035385,0.050999995321035385,8.321000099182129],"w":[0.0005099999834783375,-0.0002099999983329326,0.0],"x":[-2047.989990234375,-2559.989990234375,17.010000228881836],"yaw":0.0},"ball":{"v":[0.0,0.0,0.0],"w":[0.0,0.0,0.0],"x":[0.0,0.0,92.73999786376953]}}
{"car":{"boost":false,"boost_left":34,"dodge_dir":[0.0054214634001255035,4.428103147266422e-43],"dodge_timer":-1.0,"double_jumped":false,"handbrake":false,"jump":false,"jump_timer":-1.0,"jumped":false,"o":[0.7070736289024353,-0.7071067690849304,0.0068469881080091,0.7070736289024353,0.7071067690849304,0.0068469881080091,-0.009683103300631046,-0.0,0.9999530911445618],"on_ground":true,"pitch":0.0,"roll":0.0,"steer":0.0,"supersonic":false,"throttle":0.0,"time":68.02671813964844,"v":[0.050999995321035385,0.050999995321035385,8.321000099182129],"w":[0.0005099999834783375,-0.0002099999983329326,0.0],"x":[-2047.989990234375,-2559.989990234375,17.010000228881836],"yaw":0.0},"ball":{"v":[0.0,0.0,0.0],"w":[0.0,0.0,0.0],"x":[0.0,0.0,92.73999786376953]}}
{"car":{"boost":false,"boost_left":34,"dodge_dir":[0.0054214634001255035,4.428103147266422e-43],"dodge_timer":-1.0,"double_jumped":false,"handbrake":false,"jump":false,"jump_timer":-1.0,"jumped":false,"o":[0.7070736289024353,-0.7071067690849304,0.0068469881080091,0.7070736289024353,0.7071067690849304,0.0068469881080091,-0.009683103300631046,-0.0,0.9999530911445618],"on_ground":true,"pitch":0.0,"roll":0.0,"steer":0.0,"supersonic":false,"throttle":0.0,"time":68.0350570678711,"v":[0.050999995321035385,0.050999995321035385,8.321000099182129],"w":[0.0005099999834783375,-0.0002099999983329326,0.0],"x":[-2047.989990234375,-2559.989990234375,17.010000228881836],"yaw":0.0},"ball":{"v":[0.0,0.0,0.0],"w":[0.0,0.0,0.0],"x":[0.0,0.0,92.73999786376953]}}
{"car":{"boost":false,"boost_left":34,"dodge_dir":[0.0054214634001255035,4.428103147266422e-43],"dodge_timer":-1.0,"double_jumped":false,"handbrake":false,"jump":false,"jump_timer":-1.0,"jumped":false,"o":[0.7070736289024353,-0.7071067690849304,0.0068469881080091,0.7070736289024353,0.7071067690849304,0.0068469881080091,-0.009683103300631046,-0.0,0.9999530911445618],"on_ground":true,"pitch":0.0,"roll":0.0,"steer":0.0,"supersonic":false,"throttle":0.0,"time":68.04339599609375,"v":[0.050999995321035385,0.050999995321035385,8.321000099182129],"w":[0.0005099999834783375,-0.0002099999983329326,0.0],"x":[-2047.989990234375,-2559.989990234375,17.010000228881836],"yaw":0.0},"ball":{"v":[0.0,0.0,0.0],"w":[0.0,0.0,0.0],"x":[0.0,0.0,92.73999786376953]}}
{"car":{"boost":false,"boost_left":34,"dodge_dir":[0.0054214634001255035,4.428103147266422e-43],"dodge_timer":-1.0,"double_jumped":false,"handbrake":false,"jump":false,"jump_timer":-1.0,"jumped":false,"o":[0.7070736289024353,-0.7071067690849304,0.0068469881080091,0.7070736289024353,0.7071067690849304,0.0068469881080091,-0.009683103300631046,-0.0,0.9999530911445618],"on_ground":true,"pitch":0.0,"roll":0.0,"steer":0.0,"supersonic":false,"throttle":0.0,"time":68.05175018310547,"v":[0.050999995321035385,0.050999995321035385,8.321000099182129],"w":[0.0005099999834783375,-0.0002099999983329326,0.0],"x":[-2047.989990234375,-2559.989990234375,17.010000228881836],"yaw":0.0},"ball":{"v":[0.0,0.0,0.0],"w":[0.0,0.0,0.0],"x":[0.0,0.0,92.73999786376953]}}
{"car":{"boost":false,"boost_left":34,"dodge_dir":[0.0054214634001255035,4.428103147266422e-43],"dodge_timer":-1.0,"double_jumped":false,"handbrake":false,"jump":false,"jump_timer":-1.0,"jumped":false,"o":[0.7070736289024353,-0.7071067690849304,0.0068469881080091,0.7070736289024353,0.7071067690849304,0.0068469881080091,-0.009683103300631046,-0.0,0.9999530911445618],"on_ground":true,"pitch":0.0,"roll":0.0,"steer":0.0,"supersonic":false,"throttle":0.0,"time":68.06013488769531,"v":[0.050999995321035385,0.050999995321035385,8.321000099182129],"w":[0.0005099999834783375,-0.0002099999983329326,0.0],"x":[-2047.989990234375,-2559.989990234375,17.010000228881836],"yaw":0.0},"ball":{"v":[0.0,0.0,0.0],"w":[0.0,0.0,0.0],"x":[0.0,0.0,92.73999786376953]}}
{"car":{"boost":false,"boost_left":34,"dodge_dir":[0.0054214634001255035,4.428103147266422e-43],"dodge_timer":-1.0,"double_jumped":false,"handbrake":false,"jump":false,"jump_timer":-1.0,"jumped":false,"o":[0.7070736289024353,-0.7071067690849304,0.0068469881080091,0.7070736289024353,0.7071067690849304,0.0068469881080091,-0.009683103300631046,-0.0,0.9999530911445618],"on_ground":true,"pitch":0.0,"roll":0.0,"steer":0.0,"supersonic":false,"throttle":0.0,"time":68.06854248046875,"v":[0.050999995321035385,0.050999995321035385,8.321000099182129],"w":[0.0005099999834783375,-0.0002099999983329326,0.0],"x":[-2047.989990234375,-2559.989990234375,17.010000228881836],"yaw":0.0},"ball":{"v":[0.0,0.0,0.0],"w":[0.0,0.0,0.0],"x":[0.0,0.0,92.73999786376953]}}
{"car":{"boost":false,"boost_left":34,"dodge_dir":[0.0054214634001255035,4.428103147266422e-43],"dodge_timer":-1.0,"double_jumped":false,"handbrake":false,"jump":false,"jump_timer":-1.0,"jumped":false,"o":[0.7070736289024353,-0.7071067690849304,0.0068469881080091,0.7070736289024353,0.7071067690849304,0.0068469881080091,-0.009683103300631046,-0.0,0.9999530911445618],"on_ground":true,"pitch":0.0,"roll":0.0,"steer":0.0,"supersonic":false,"throttle":0.0,"time":68.07691955566406,"v":[0.050999995321035385,0.050999995321035385,8.321000099182129],"w":[0.0005099999834783375,-0.0002099999983329326,0.0],"x":[-2047.989990234375,-2559.989990234375,17.010000228881836],"yaw":0.0},"ball":{"v":[0.0,0.0,0.0],"w":[0.0,0.0,0.0],"x":[0.0,0.0,92.73999786376953]}}
{"car":{"boost":false,"boost_left":34,"dodge_dir":[0.0054214634001255035,4.428103147266422e-43],"dodge_timer":-1.0,"double_jumped":false,"handbrake":false,"jump":false,"jump_timer":-1.0,"jumped":false,"o":[0.7070736289024353,-0.7071067690849304,0.0068469881080091,0.7070736289024353,0.7071067690849304,0.0068469881080091,-0.009683103300631046,-0.0,0.9999530911445618],"on_ground":true,"pitch":0.0,"roll":0.0,"steer":0.0,"supersonic":false,"throttle":0.0,"time":68.08528900146484,"v":[0.050999995321035385,0.050999995321035385,8.321000099182129],"w":[0.0005099999834783375,-0.0002099999983329326,0.0],"x":[-2047.989990234375,-2559.989990234375,17.010000228881836],"yaw":0.0},"ball":{"v":[0.0,0.0,0.0],"w":[0.0,0.0,0.0],"x":[0.0,0.0,92.73999786376953]}}
{"car":{"boost":false,"boost_left":34,"dodge_dir":[0.0054214634001255035,4.428103147266422e-43],"dodge_timer":-1.0,"double_jumped":false,"handbrake":false,"jump":false,"jump_timer":-1.0,"jumped":false,"o":[0.7070736289024353,-0.7071067690849304,0.0068469881080091,0.7070736289024353,0.7071067690849304,0.0068469881080091,-0.009683103300631046,-0.0,0.9999530911445618],"on_ground":true,"pitch":0.0,"roll":0.0,"steer":0.0,"supersonic":false,"throttle":0.0,"time":68.0936508178711,"v":[0.050999995321035385,0.050999995321035385,8.321000099182129],"w":[0.0005099999834783375,-0.0002099999983329326,0.0],"x":[-2047.989990234375,-2559.989990234375,17.010000228881836],"yaw":0.0},"ball":{"v":[0.0,0.0,0.0],"w":[0.0,0.0,0.0],"x":[0.0,0.0,92.73999786376953]}}
{"car":{"boost":false,"boost_left":34,"dodge_dir":[0.0054214634001255035,4.428103147266422e-43],"dodge_timer":-1.0,"double_jumped":false,"handbrake":false,"jump":false,"jump_timer":-1.0,"jumped":false,"o":[0.7070736289024353,-0.7071067690849304,0.0068469881080091,0.7070736289024353,0.7071067690849304,0.0068469881080091,-0.009683103300631046,-0.0,0.9999530911445618],"on_ground":true,"pitch":0.0,"roll":0.0,"steer":0.0,"supersonic":false,"throttle":0.0,"time":68.10206604003906,"v":[0.050999995321035385,0.050999995321035385,8.321000099182129],"w":[0.0005099999834783375,-0.0002099999983329326,0.0],"x":[-2047.989990234375,-2559.989990234375,17.010000228881836],"yaw":0.0},"ball":{"v":[0.0,0.0,0.0],"w":[0.0,0.0,0.0],"x":[0.0,0.0,92.73999786376953]}}
{"car":{"boost":false,"boost_left":34,"dodge_dir":[0.0054214634001255035,4.428103147266422e-43],"dodge_timer":-1.0,"double_jumped":false,"handbrake":false,"jump":false,"jump_timer":-1.0,"jumped":false,"o":[0.7070736289024353,-0.7071067690849304,0.0068469881080091,0.7070736289024353,0.7071067690849304,0.0068469881080091,-0.009683103300631046,-0.0,0.9999530911445618],"on_ground":true,"pitch":0.0,"roll":0.0,"steer":0.0,"supersonic":false,"throttle":0.0,"time":68.11040496826172,"v":[0.050999995321035385,0.050999995321035385,8.321000099182129],"w":[0.0005099999834783375,-0.0002099999983329326,0.0],"x":[-2047.989990234375,-2559.989990234375,17.010000228881836],"yaw":0.0},"ball":{"v":[0.0,0.0,0.0],"w":[0.0,0.0,0.0],"x":[0.0,0.0,92.73999786376953]}}
{"car":{"boost":false,"boost_left":34,"dodge_dir":[0.0054214634001255035,4.428103147266422e-43],"dodge_timer":-1.0,"double_jumped":false,"handbrake":false,"jump":false,"jump_timer":-1.0,"jumped":false,"o":[0.7070736289024353,-0.7071067690849304,0.0068469881080091,0.7070736289024353,0.7071067690849304,0.0068469881080091,-0.009683103300631046,-0.0,0.9999530911445618],"on_ground":true,"pitch":0.0,"roll":0.0,"steer":0.0,"supersonic":false,"throttle":0.0,"time":68.1187973022461,"v":[0.050999995321035385,0.050999995321035385,8.321000099182129],"w":[0.0005099999834783375,-0.0002099999983329326,0.0],"x":[-2047.989990234375,-2559.989990234375,17.010000228881836],"yaw":0.0},"ball":{"v":[0.0,0.0,0.0],"w":[0.0,0.0,0.0],"x":[0.0,0.0,92.73999786376953]}}
{"car":{"boost":false,"boost_left":34,"dodge_dir":[0.0054214634001255035,4.428103147266422e-43],"dodge_timer":-1.0,"double_jumped":false,"handbrake":false,"jump":false,"jump_timer":-1.0,"jumped":false,"o":[0.7070736289024353,-0.7071067690849304,0.0068469881080091,0.7070736289024353,0.7071067690849304,0.0068469881080091,-0.009683103300631046,-0.0,0.9999530911445618],"on_ground":true,"pitch":0.0,"roll":0.0,"steer":0.0,"supersonic":false,"throttle":0.0,"time":68.12716674804688,"v":[0.050999995321035385,0.050999995321035385,8.321000099182129],"w":[0.0005099999834783375,-0.0002099999983329326,0.0],"x":[-2047.989990234375,-2559.989990234375,17.010000228881836],"yaw":0.0},"ball":{"v":[0.0,0.0,0.0],"w":[0.0,0.0,0.0],"x":[0.0,0.0,92.73999786376953]}}
{"car":{"boost":false,"boost_left":34,"dodge_dir":[0.0054214634001255035,4.428103147266422e-43],"dodge_timer":-1.0,"double_jumped":false,"handbrake":false,"jump":false,"jump_timer":-1.0,"jumped":false,"o":[0.7070736289024353,-0.7071067690849304,0.0068469881080091,0.7070736289024353,0.7071067690849304,0.0068469881080091,-0.009683103300631046,-0.0,0.9999530911445618],"on_ground":true,"pitch":0.0,"roll":0.0,"steer":0.0,"supersonic":false,"throttle":0.0,"time":68.13565826416016,"v":[0.050999995321035385,0.050999995321035385,8.321000099182129],"w":[0.0005099999834783375,-0.0002099999983329326,0.0],"x":[-2047.989990234375,-2559.989990234375,17.010000228881836],"yaw":0.0},"ball":{"v":[0.0,0.0,0.0],"w":[0.0,0.0,0.0],"x":[0.0,0.0,92.73999786376953]}}
{"car":{"boost":false,"boost_left":34,"dodge_dir":[0.0054214634001255035,4.428103147266422e-43],"dodge_timer":-1.0,"double_jumped":false,"handbrake":false,"jump":false,"jump_timer":-1.0,"jumped":false,"o":[0.7070736289024353,-0.7071067690849304,0.0068469881080091,0.7070736289024353,0.7071067690849304,0.0068469881080091,-0.009683103300631046,-0.0,0.9999530911445618],"on_ground":true,"pitch":0.0,"roll":0.0,"steer":0.0,"supersonic":false,"throttle":0.0,"time":68.14399719238281,"v":[0.050999995321035385,0.050999995321035385,8.321000099182129],"w":[0.0005099999834783375,-0.0002099999983329326,0.0],"x":[-2047.989990234375,-2559.989990234375,17.010000228881836],"yaw":0.0},"ball":{"v":[0.0,0.0,0.0],"w":[0.0,0.0,0.0],"x":[0.0,0.0,92.73999786376953]}}
{"car":{"boost":false,"boost_left":34,"dodge_dir":[0.0054214634001255035,4.428103147266422e-43],"dodge_timer":-1.0,"double_jumped":false,"handbrake":false,"jump":false,"jump_timer":-1.0,"jumped":false,"o":[0.7070736289024353,-0.7071067690849304,0.0068469881080091,0.7070736289024353,0.7071067690849304,0.0068469881080091,-0.009683103300631046,-0.0,0.9999530911445618],"on_ground":true,"pitch":0.0,"roll":0.0,"steer":0.0,"supersonic":false,"throttle":0.0,"time":68.15233612060547,"v":[0.050999995321035385,0.050999995321035385,8.321000099182129],"w":[0.0005099999834783375,-0.0002099999983329326,0.0],"x":[-2047.989990234375,-2559.989990234375,17.010000228881836],"yaw":0.0},"ball":{"v":[0.0,0.0,0.0],"w":[0.0,0.0,0.0],"x":[0.0,0.0,92.73999786376953]}}
{"car":{"boost":false,"boost_left":34,"dodge_dir":[0.0054214634001255035,4.428103147266422e-43],"dodge_timer":-1.0,"double_jumped":false,"handbrake":false,"jump":false,"jump_timer":-1.0,"jumped":false,"o":[0.7070736289024353,-0.7071067690849304,0.0068469881080091,0.7070736289024353,0.7071067690849304,0.0068469881080091,-0.009683103300631046,-0.0,0.9999530911445618],"on_ground":true,"pitch":0.0,"roll":0.0,"steer":0.0,"supersonic":false,"throttle":0.0,"time":68.16067504882813,"v":[0.050999995321035385,0.050999995321035385,8.321000099182129],"w":[0.0005099999834783375,-0.0002099999983329326,0.0],"x":[-2047.989990234375,-2559.989990234375,17.010000228881836],"yaw":0.0},"ball":{"v":[0.0,0.0,0.0],"w":[0.0,0.0,0.0],"x":[0.0,0.0,92.73999786376953]}}
{"car":{"boost":false,"boost_left":34,"dodge_dir":[0.0054214634001255035,4.428103147266422e-43],"dodge_timer":-1.0,"double_jumped":false,"handbrake":false,"jump":false,"jump_timer":-1.0,"jumped":false,"o":[0.7070736289024353,-0.7071067690849304,0.0068469881080091,0.7070736289024353,0.7071067690849304,0.0068469881080091,-0.009683103300631046,-0.0,0.9999530911445618],"on_ground":true,"pitch":0.0,"roll":0.0,"steer":0.0,"supersonic":false,"throttle":0.0,"time":68.16901397705078,"v":[0.050999995321035385,0.050999995321035385,8.321000099182129],"w":[0.0005099999834783375,-0.0002099999983329326,0.0],"x":[-2047.989990234375,-2559.989990234375,17.010000228881836],"yaw":0.0},"ball":{"v":[0.0,0.0,0.0],"w":[0.0,0.0,0.0],"x":[0.0,0.0,92.73999786376953]}}
{"car":{"boost":false,"boost_left":34,"dodge_dir":[0.0054214634001255035,4.428103147266422e-43],"dodge_timer":-1.0,"double_jumped":false,"handbrake":false,"jump":false,"jump_timer":-1.0,"jumped":false,"o":[0.7070736289024353,-0.7071067690849304,0.0068469881080091,0.7070736289024353,0.7071067690849304,0.0068469881080091,-0.009683103300631046,-0.0,0.9999530911445618],"on_ground":true,"pitch":0.0,"roll":0.0,"steer":0.0,"supersonic":false,"throttle":0.0,"time":68.17750549316406,"v":[0.050999995321035385,0.050999995321035385,8.321000099182129],"w":[0.0005099999834783375,-0.0002099999983329326,0.0],"x":[-2047.989990234375,-2559.989990234375,17.010000228881836],"yaw":0.0},"ball":{"v":[0.0,0.0,0.0],"w":[0.0,0.0,0.0],"x":[0.0,0.0,92.73999786376953]}}
{"car":{"boost":false,"boost_left":34,"dodge_dir":[0.0054214634001255035,4.428103147266422e-43],"dodge_timer":-1.0,"double_jumped":false,"handbrake":false,"jump":false,"jump_timer":-1.0,"jumped":false,"o":[0.7070736289024353,-0.7071067690849304,0.0068469881080091,0.7070736289024353,0.7071067690849304,0.0068469881080091,-0.009683103300631046,-0.0,0.9999530911445618],"on_ground":true,"pitch":0.0,"roll":0.0,"steer":0.0,"supersonic":false,"throttle":0.0,"time":68.18605041503906,"v":[0.050999995321035385,0.050999995321035385,8.321000099182129],"w":[0.0005099999834783375,-0.0002099999983329326,0.0],"x":[-2047.989990234375,-2559.989990234375,17.010000228881836],"yaw":0.0},"ball":{"v":[0.0,0.0,0.0],"w":[0.0,0.0,0.0],"x":[0.0,0.0,92.73999786376953]}}
{"car":{"boost":false,"boost_left":34,"dodge_dir":[0.0054214634001255035,4.428103147266422e-43],"dodge_timer":-1.0,"double_jumped":false,"handbrake":false,"jump":false,"jump_timer":-1.0,"jumped":false,"o":[0.7070736289024353,-0.7071067690849304,0.0068469881080091,0.7070736289024353,0.7071067690849304,0.0068469881080091,-0.009683103300631046,-0.0,0.9999530911445618],"on_ground":true,"pitch":0.0,"roll":0.0,"steer":0.0,"supersonic":false,"throttle":0.0,"time":68.19438934326172,"v":[0.050999995321035385,0.050999995321035385,8.321000099182129],"w":[0.0005099999834783375,-0.0002099999983329326,0.0],"x":[-2047.989990234375,-2559.989990234375,17.010000228881836],"yaw":0.0},"ball":{"v":[0.0,0.0,0.0],"w":[0.0,0.0,0.0],"x":[0.0,0.0,92.73999786376953]}}
{"car":{"boost":false,"boost_left":34,"dodge_dir":[0.0054214634001255035,4.428103147266422e-43],"dodge_timer":-1.0,"double_jumped":false,"handbrake":false,"jump":false,"jump_timer":-1.0,"jumped":false,"o":[0.7070736289024353,-0.7071067690849304,0.0068469881080091,0.7070736289024353,0.7071067690849304,0.0068469881080091,-0.009683103300631046,-0.0,0.9999530911445618],"on_ground":true,"pitch":0.0,"roll":0.0,"steer":0.0,"supersonic":false,"throttle":0.0,"time":68.20272827148438,"v":[0.050999995321035385,0.050999995321035385,8.321000099182129],"w":[0.0005099999834783375,-0.0002099999983329326,0.0],"x":[-2047.989990234375,-2559.989990234375,17.010000228881836],"yaw":0.0},"ball":{"v":[0.0,0.0,0.0],"w":[0.0,0.0,0.0],"x":[0.0,0.0,92.73999786376953]}}
{"car":{"boost":false,"boost_left":34,"dodge_dir":[0.0054214634001255035,4.428103147266422e-43],"dodge_timer":-1.0,"double_jumped":false,"handbrake":false,"jump":false,"jump_timer":-1.0,"jumped":false,"o":[0.7070736289024353,-0.7071067690849304,0.0068469881080091,0.7070736289024353,0.7071067690849304,0.0068469881080091,-0.009683103300631046,-0.0,0.9999530911445618],"on_ground":true,"pitch":0.0,"roll":0.0,"steer":0.0,"supersonic":false,"throttle":0.0,"time":68.21106719970703,"v":[0.050999995321035385,0.050999995321035385,8.321000099182129],"w":[0.0005099999834783375,-0.0002099999983329326,0.0],"x":[-2047.989990234375,-2559.989990234375,17.010000228881836],"yaw":0.0},"ball":{"v":[0.0,0.0,0.0],"w":[0.0,0.0,0.0],"x":[0.0,0.0,92.73999786376953]}}
{"car":{"boost":false,"boost_left":34,"dodge_dir":[0.0054214634001255035,4.428103147266422e-43],"dodge_timer":-1.0,"double_jumped":false,"handbrake":false,"jump":false,"jump_timer":-1.0,"jumped":false,"o":[0.7070736289024353,-0.7071067690849304,0.0068469881080091,0.7070736289024353,0.7071067690849304,0.0068469881080091,-0.009683103300631046,-0.0,0.9999530911445618],"on_ground":true,"pitch":0.0,"roll":0.0,"steer":0.0,"supersonic":false,"throttle":0.0,"time":68.21940612792969,"v":[0.050999995321035385,0.050999995321035385,8.321000099182129],"w":[0.0005099999834783375,-0.0002099999983329326,0.0],"x":[-2047.989990234375,-2559.989990234375,17.010000228881836],"yaw":0.0},"ball":{"v":[0.0,0.0,0.0],"w":[0.0,0.0,0.0],"x":[0.0,0.0,92.73999786376953]}}
{"car":{"boost":false,"boost_left":34,"dodge_dir":[0.0054214634001255035,4.428103147266422e-43],"dodge_timer":-1.0,"double_jumped":false,"handbrake":false,"jump":false,"jump_timer":-1.0,"jumped":false,"o":[0.7070736289024353,-0.7071067690849304,0.0068469881080091,0.7070736289024353,0.7071067690849304,0.0068469881080091,-0.009683103300631046,-0.0,0.9999530911445618],"on_ground":true,"pitch":0.0,"roll":0.0,"steer":0.0,"supersonic":false,"throttle":0.0,"time":68.22774505615234,"v":[0.050999995321035385,0.050999995321035385,8.321000099182129],"w":[0.0005099999834783375,-0.0002099999983329326,0.0],"x":[-2047.989990234375,-2559.989990234375,17.010000228881836],"yaw":0.0},"ball":{"v":[0.0,0.0,0.0],"w":[0.0,0.0,0.0],"x":[0.0,0.0,92.73999786376953]}}
{"car":{"boost":false,"boost_left":34,"dodge_dir":[0.0054214634001255035,4.428103147266422e-43],"dodge_timer":-1.0,"double_jumped":false,"handbrake":false,"jump":false,"jump_timer":-1.0,"jumped":false,"o":[0.7070736289024353,-0.7071067690849304,0.0068469881080091,0.7070736289024353,0.7071067690849304,0.0068469881080091,-0.009683103300631046,-0.0,0.9999530911445618],"on_ground":true,"pitch":0.0,"roll":0.0,"steer":0.0,"supersonic":false,"throttle":0.0,"time":68.236083984375,"v":[0.050999995321035385,0.050999995321035385,8.321000099182129],"w":[0.0005099999834783375,-0.0002099999983329326,0.0],"x":[-2047.989990234375,-2559.989990234375,17.010000228881836],"yaw":0.0},"ball":{"v":[0.0,0.0,0.0],"w":[0.0,0.0,0.0],"x":[0.0,0.0,92.73999786376953]}}
{"car":{"boost":false,"boost_left":34,"dodge_dir":[0.0054214634001255035,4.428103147266422e-43],"dodge_timer":-1.0,"double_jumped":false,"handbrake":false,"jump":false,"jump_timer":-1.0,"jumped":false,"o":[0.7070736289024353,-0.7071067690849304,0.0068469881080091,0.7070736289024353,0.7071067690849304,0.0068469881080091,-0.009683103300631046,-0.0,0.9999530911445618],"on_ground":true,"pitch":0.0,"roll":0.0,"steer":0.0,"supersonic":false,"throttle":0.0,"time":68.2445068359375,"v":[0.050999995321035385,0.050999995321035385,8.321000099182129],"w":[0.0005099999834783375,-0.0002099999983329326,0.0],"x":[-2047.989990234375,-2559.989990234375,17.010000228881836],"yaw":0.0},"ball":{"v":[0.0,0.0,0.0],"w":[0.0,0.0,0.0],"x":[0.0,0.0,92.73999786376953]}}
{"car":{"boost":false,"boost_left":34,"dodge_dir":[0.0054214634001255035,4.428103147266422e-43],"dodge_timer":-1.0,"double_jumped":false,"handbrake":false,"jump":false,"jump_timer":-1.0,"jumped":false,"o":[0.7070736289024353,-0.7071067690849304,0.0068469881080091,0.7070736289024353,0.7071067690849304,0.0068469881080091,-0.009683103300631046,-0.0,0.9999530911445618],"on_ground":true,"pitch":0.0,"roll":0.0,"steer":0.0,"supersonic":false,"throttle":0.0,"time":68.25286102294922,"v":[0.050999995321035385,0.050999995321035385,8.321000099182129],"w":[0.0005099999834783375,-0.0002099999983329326,0.0],"x":[-2047.989990234375,-2559.989990234375,17.010000228881836],"yaw":0.0},"ball":{"v":[0.0,0.0,0.0],"w":[0.0,0.0,0.0],"x":[0.0,0.0,92.73999786376953]}}
{"car":{"boost":false,"boost_left":34,"dodge_dir":[0.0054214634001255035,4.428103147266422e-43],"dodge_timer":-1.0,"double_jumped":false,"handbrake":false,"jump":false,"jump_timer":-1.0,"jumped":false,"o":[0.7070736289024353,-0.7071067690849304,0.0068469881080091,0.7070736289024353,0.7071067690849304,0.0068469881080091,-0.009683103300631046,-0.0,0.9999530911445618],"on_ground":true,"pitch":0.0,"roll":0.0,"steer":0.0,"supersonic":false,"throttle":0.0,"time":68.26119995117188,"v":[0.050999995321035385,0.050999995321035385,8.321000099182129],"w":[0.0005099999834783375,-0.0002099999983329326,0.0],"x":[-2047.989990234375,-2559.989990234375,17.010000228881836],"yaw":0.0},"ball":{"v":[0.0,0.0,0.0],"w":[0.0,0.0,0.0],"x":[0.0,0.0,92.73999786376953]}}
{"car":{"boost":false,"boost_left":34,"dodge_dir":[0.0054214634001255035,4.428103147266422e-43],"dodge_timer":-1.0,"double_jumped":false,"handbrake":false,"jump":false,"jump_timer":-1.0,"jumped":false,"o":[0.7070736289024353,-0.7071067690849304,0.0068469881080091,0.7070736289024353,0.7071067690849304,0.0068469881080091,-0.009683103300631046,-0.0,0.9999530911445618],"on_ground":true,"pitch":0.0,"roll":0.0,"steer":0.0,"supersonic":false,"throttle":0.0,"time":68.26956939697266,"v":[0.050999995321035385,0.050999995321035385,8.321000099182129],"w":[0.0005099999834783375,-0.0002099999983329326,0.0],"x":[-2047.989990234375,-2559.989990234375,17.010000228881836],"yaw":0.0},"ball":{"v":[0.0,0.0,0.0],"w":[0.0,0.0,0.0],"x":[0.0,0.0,92.73999786376953]}}
{"car":{"boost":false,"boost_left":34,"dodge_dir":[0.0054214634001255035,4.428103147266422e-43],"dodge_timer":-1.0,"double_jumped":false,"handbrake":false,"jump":false,"jump_timer":-1.0,"jumped":false,"o":[0.7070736289024353,-0.7071067690849304,0.0068469881080091,0.7070736289024353,0.7071067690849304,0.0068469881080091,-0.009683103300631046,-0.0,0.9999530911445618],"on_ground":true,"pitch":0.0,"roll":0.0,"steer":0.0,"supersonic":false,"throttle":0.0,"time":68.27800750732422,"v":[0.050999995321035385,0.050999995321035385,8.321000099182129],"w":[0.0005099999834783375,-0.0002099999983329326,0.0],"x":[-2047.989990234375,-2559.989990234375,17.010000228881836],"yaw":0.0},"ball":{"v":[0.0,0.0,0.0],"w":[0.0,0.0,0.0],"x":[0.0,0.0,92.73999786376953]}}
{"car":{"boost":false,"boost_left":34,"dodge_dir":[0.0054214634001255035,4.428103147266422e-43],"dodge_timer":-1.0,"double_jumped":false,"handbrake":false,"jump":false,"jump_timer":-1.0,"jumped":false,"o":[0.7070736289024353,-0.7071067690849304,0.0068469881080091,0.7070736289024353,0.7071067690849304,0.0068469881080091,-0.009683103300631046,-0.0,0.9999530911445618],"on_ground":true,"pitch":0.0,"roll":0.0,"steer":0.0,"supersonic":false,"throttle":0.0,"time":68.28634643554688,"v":[0.050999995321035385,0.050999995321035385,8.321000099182129],"w":[0.0005099999834783375,-0.0002099999983329326,0.0],"x":[-2047.989990234375,-2559.989990234375,17.010000228881836],"yaw":0.0},"ball":{"v":[0.0,0.0,0.0],"w":[0.0,0.0,0.0],"x":[0.0,0.0,92.73999786376953]}}
{"car":{"boost":false,"boost_left":34,"dodge_dir":[0.0054214634001255035,4.428103147266422e-43],"dodge_timer":-1.0,"double_jumped":false,"handbrake":false,"jump":false,"jump_timer":-1.0,"jumped":false,"o":[0.7070736289024353,-0.7071067690849304,0.0068469881080091,0.7070736289024353,0.7071067690849304,0.0068469881080091,-0.009683103300631046,-0.0,0.9999530911445618],"on_ground":true,"pitch":0.0,"roll":0.0,"steer":0.0,"supersonic":false,"throttle":0.0,"time":68.29468536376953,"v":[0.050999995321035385,0.050999995321035385,8.321000099182129],"w":[0.0005099999834783375,-0.0002099999983329326,0.0],"x":[-2047.989990234375,-2559.989990234375,17.010000228881836],"yaw":0.0},"ball":{"v":[0.0,0.0,0.0],"w":[0.0,0.0,0.0],"x":[0.0,0.0,92.73999786376953]}}
