{"car":{"boost":false,"boost_left":43,"dodge_dir":[2.3512056226468525e-38,2.3510604481259484e-38],"dodge_timer":-1.0,"double_jumped":false,"handbrake":false,"jump":true,"jump_timer":-1.0,"jumped":true,"o":[0.025402653962373734,0.999677300453186,0.00024355236382689327,-0.9996313452720642,0.0254038218408823,-0.009584139101207256,-0.009587232954800129,-0.0,0.9999540448188782],"on_ground":false,"pitch":0.0,"roll":0.0,"steer":0.0,"supersonic":false,"throttle":0.0,"time":998.5440673828125,"v":[0.0,-2.0635733604431152,443.56298828125],"w":[0.0004099999787285924,0.0,0.0],"x":[-612.97998046875,-2518.6650390625,89.9949722290039],"yaw":0.0},"ball":{"v":[0.0,0.0,0.0],"w":[0.0,0.0,0.0],"x":[0.0,0.0,92.73999786376953]}}
{"car":{"boost":false,"boost_left":43,"dodge_dir":[2.3512056226468525e-38,2.3510604481259484e-38],"dodge_timer":-1.0,"double_jumped":false,"handbrake":false,"jump":true,"jump_timer":-1.0,"jumped":true,"o":[0.025402653962373734,0.999677300453186,0.00024355236382689327,-0.9996313452720642,0.0254038218408823,-0.009584139101207256,-0.009587232954800129,-0.0,0.9999540448188782],"on_ground":false,"pitch":0.0,"roll":0.0,"steer":0.0,"supersonic":false,"throttle":0.0,"time":998.552490234375,"v":[0.0,-2.0909998416900635,441.155517578125],"w":[0.0004099999787285924,0.0,0.0],"x":[-612.97998046875,-2518.68505859375,93.68636322021484],"yaw":0.0},"ball":{"v":[0.0,0.0,0.0],"w":[0.0,0.0,0.0],"x":[0.0,0.0,92.73999786376953]}}
{"car":{"boost":false,"boost_left":43,"dodge_dir":[2.3512056226468525e-38,2.3510604481259484e-38],"dodge_timer":-1.0,"double_jumped":false,"handbrake":false,"jump":true,"jump_timer":-1.0,"jumped":true,"o":[0.025402653962373734,0.999677300453186,0.00024355236382689327,-0.9996313452720642,0.0254038218408823,-0.009584139101207256,-0.009587232954800129,-0.0,0.9999540448188782],"on_ground":false,"pitch":0.0,"roll":0.0,"steer":0.0,"supersonic":false,"throttle":0.0,"time":998.5609130859375,"v":[0.0,-2.0909998416900635,435.6933288574219],"w":[0.0004099999787285924,0.0,0.0],"x":[-612.97998046875,-2518.705078125,97.34685516357422],"yaw":0.0},"ball":{"v":[0.0,0.0,0.0],"w":[0.0,0.0,0.0],"x":[0.0,0.0,92.73999786376953]}}
{"car":{"boost":false,"boost_left":43,"dodge_dir":[2.3512056226468525e-38,2.3510604481259484e-38],"dodge_timer":-1.0,"double_jumped":false,"handbrake":false,"jump":true,"jump_timer":-1.0,"jumped":true,"o":[0.025402653962373734,0.999677300453186,0.00024355236382689327,-0.9996313452720642,0.0254038218408823,-0.009584139101207256,-0.009587232954800129,-0.0,0.9999540448188782],"on_ground":false,"pitch":0.0,"roll":0.0,"steer":0.0,"supersonic":false,"throttle":0.0,"time":998.5692749023438,"v":[0.0,-2.0909998416900635,430.2301330566406],"w":[0.0004099999787285924,0.0,0.0],"x":[-612.97998046875,-2518.725341796875,100.95723724365234],"yaw":0.0},"ball":{"v":[0.0,0.0,0.0],"w":[0.0,0.0,0.0],"x":[0.0,0.0,92.73999786376953]}}
{"car":{"boost":false,"boost_left":43,"dodge_dir":[2.3512056226468525e-38,2.3510604481259484e-38],"dodge_timer":-1.0,"double_jumped":false,"handbrake":false,"jump":true,"jump_timer":-1.0,"jumped":true,"o":[0.025402653962373734,0.999677300453186,0.00024355236382689327,-0.9996313452720642,0.0254038218408823,-0.009584139101207256,-0.009587232954800129,-0.0,0.9999540448188782],"on_ground":false,"pitch":0.0,"roll":0.0,"steer":0.0,"supersonic":false,"throttle":0.0,"time":998.57763671875,"v":[0.0,-2.0909998416900635,424.7888488769531],"w":[0.0004099999787285924,0.0,0.0],"x":[-612.97998046875,-2518.745361328125,104.51030731201172],"yaw":0.0},"ball":{"v":[0.0,0.0,0.0],"w":[0.0,0.0,0.0],"x":[0.0,0.0,92.73999786376953]}}
{"car":{"boost":false,"boost_left":43,"dodge_dir":[2.3512056226468525e-38,2.3510604481259484e-38],"dodge_timer":-1.0,"double_jumped":false,"handbrake":false,"jump":true,"jump_timer":-1.0,"jumped":true,"o":[0.025402653962373734,0.999677300453186,0.00024355236382689327,-0.9996313452720642,0.0254038218408823,-0.009584139101207256,-0.009587232954800129,-0.0,0.9999540448188782],"on_ground":false,"pitch":0.0,"roll":0.0,"steer":0.0,"supersonic":false,"throttle":0.0,"time":998.5861206054688,"v":[0.0,-2.0909998416900635,419.3558044433594],"w":[0.0004099999787285924,0.0,0.0],"x":[-612.97998046875,-2518.765625,108.010009765625],"yaw":0.0},"ball":{"v":[0.0,0.0,0.0],"w":[0.0,0.0,0.0],"x":[0.0,0.0,92.73999786376953]}}
{"car":{"boost":false,"boost_left":43,"dodge_dir":[2.3512056226468525e-38,2.3510604481259484e-38],"dodge_timer":-1.0,"double_jumped":false,"handbrake":false,"jump":true,"jump_timer":-1.0,"jumped":true,"o":[0.025402653962373734,0.999677300453186,0.00024355236382689327,-0.9996313452720642,0.0254038218408823,-0.009584139101207256,-0.009587232954800129,-0.0,0.9999540448188782],"on_ground":false,"pitch":0.0,"roll":0.0,"steer":0.0,"supersonic":false,"throttle":0.0,"time":998.594482421875,"v":[0.0,-2.0909998416900635,413.83551025390625],"w":[0.0004099999787285924,0.0,0.0],"x":[-612.97998046875,-2518.785888671875,111.52263641357422],"yaw":0.0},"ball":{"v":[0.0,0.0,0.0],"w":[0.0,0.0,0.0],"x":[0.0,0.0,92.73999786376953]}}
{"car":{"boost":false,"boost_left":43,"dodge_dir":[2.3512056226468525e-38,2.3510604481259484e-38],"dodge_timer":-1.0,"double_jumped":false,"handbrake":false,"jump":true,"jump_timer":-1.0,"jumped":true,"o":[0.025402653962373734,0.999677300453186,0.00024355236382689327,-0.9996313452720642,0.0254038218408823,-0.009584139101207256,-0.009587232954800129,-0.0,0.9999540448188782],"on_ground":false,"pitch":0.0,"roll":0.0,"steer":0.0,"supersonic":false,"throttle":0.0,"time":998.6028442382813,"v":[0.0,-2.0909998416900635,408.4040832519531],"w":[0.0004099999787285924,0.0,0.0],"x":[-612.97998046875,-2518.805908203125,114.93006896972656],"yaw":0.0},"ball":{"v":[0.0,0.0,0.0],"w":[0.0,0.0,0.0],"x":[0.0,0.0,92.73999786376953]}}
{"car":{"boost":false,"boost_left":43,"dodge_dir":[2.3512056226468525e-38,2.3510604481259484e-38],"dodge_timer":-1.0,"double_jumped":false,"handbrake":false,"jump":true,"jump_timer":-1.0,"jumped":true,"o":[0.025402653962373734,0.999677300453186,0.00024355236382689327,-0.9996313452720642,0.0254038218408823,-0.009584139101207256,-0.009587232954800129,-0.0,0.9999540448188782],"on_ground":false,"pitch":0.0,"roll":0.0,"steer":0.0,"supersonic":false,"throttle":0.0,"time":998.6112060546875,"v":[0.0,-2.0909998416900635,402.97265625],"w":[0.0004099999787285924,0.0,0.0],"x":[-612.97998046875,-2518.825927734375,118.29527282714844],"yaw":0.0},"ball":{"v":[0.0,0.0,0.0],"w":[0.0,0.0,0.0],"x":[0.0,0.0,92.73999786376953]}}
{"car":{"boost":false,"boost_left":43,"dodge_dir":[2.3512056226468525e-38,2.3510604481259484e-38],"dodge_timer":-1.0,"double_jumped":false,"handbrake":false,"jump":true,"jump_timer":-1.0,"jumped":true,"o":[0.025402653962373734,0.999677300453186,0.00024355236382689327,-0.9996313452720642,0.0254038218408823,-0.009584139101207256,-0.009587232954800129,-0.0,0.9999540448188782],"on_ground":false,"pitch":0.0,"roll":0.0,"steer":0.0,"supersonic":false,"throttle":0.0,"time":998.6195678710938,"v":[0.0,-2.0909998416900635,397.5412292480469],"w":[0.0004099999787285924,0.0,0.0],"x":[-612.97998046875,-2518.845947265625,121.61229705810547],"yaw":0.0},"ball":{"v":[0.0,0.0,0.0],"w":[0.0,0.0,0.0],"x":[0.0,0.0,92.73999786376953]}}
{"car":{"boost":false,"boost_left":43,"dodge_dir":[2.3512056226468525e-38,2.3510604481259484e-38],"dodge_timer":-1.0,"double_jumped":false,"handbrake":false,"jump":true,"jump_timer":-1.0,"jumped":true,"o":[0.025402653962373734,0.999677300453186,0.00024355236382689327,-0.9996313452720642,0.0254038218408823,-0.009584139101207256,-0.009587232954800129,-0.0,0.9999540448188782],"on_ground":false,"pitch":0.0,"roll":0.0,"steer":0.0,"supersonic":false,"throttle":0.0,"time":998.6279296875,"v":[0.0,-2.0909998416900635,392.1099853515625],"w":[0.0004099999787285924,0.0,0.0],"x":[-612.97998046875,-2518.865966796875,124.88702392578125],"yaw":0.0},"ball":{"v":[0.0,0.0,0.0],"w":[0.0,0.0,0.0],"x":[0.0,0.0,92.73999786376953]}}
{"car":{"boost":false,"boost_left":43,"dodge_dir":[2.3512056226468525e-38,2.3510604481259484e-38],"dodge_timer":-1.0,"double_jumped":false,"handbrake":false,"jump":true,"jump_timer":-1.0,"jumped":true,"o":[0.025402653962373734,0.999677300453186,0.00024355236382689327,-0.9996313452720642,0.0254038218408823,-0.009584139101207256,-0.009587232954800129,-0.0,0.9999540448188782],"on_ground":false,"pitch":0.0,"roll":0.0,"steer":0.0,"supersonic":false,"throttle":0.0,"time":998.6362915039063,"v":[0.0,-2.0909998416900635,386.6757507324219],"w":[0.0004099999787285924,0.0,0.0],"x":[-612.97998046875,-2518.885986328125,128.11532592773438],"yaw":0.0},"ball":{"v":[0.0,0.0,0.0],"w":[0.0,0.0,0.0],"x":[0.0,0.0,92.73999786376953]}}
{"car":{"boost":false,"boost_left":43,"dodge_dir":[2.3512056226468525e-38,2.3510604481259484e-38],"dodge_timer":-1.0,"double_jumped":false,"handbrake":false,"jump":true,"jump_timer":-1.0,"jumped":true,"o":[0.025402653962373734,0.999677300453186,0.00024355236382689327,-0.9996313452720642,0.0254038218408823,-0.009584139101207256,-0.009587232954800129,-0.0,0.9999540448188782],"on_ground":false,"pitch":0.0,"roll":0.0,"steer":0.0,"supersonic":false,"throttle":0.0,"time":998.6447143554688,"v":[0.0,-2.0909998416900635,381.2221984863281],"w":[0.0004099999787285924,0.0,0.0],"x":[-612.97998046875,-2518.90625,131.31272888183594],"yaw":0.0},"ball":{"v":[0.0,0.0,0.0],"w":[0.0,0.0,0.0],"x":[0.0,0.0,92.73999786376953]}}
{"car":{"boost":false,"boost_left":43,"dodge_dir":[2.3512056226468525e-38,2.3510604481259484e-38],"dodge_timer":-1.0,"double_jumped":false,"handbrake":false,"jump":true,"jump_timer":-1.0,"jumped":true,"o":[0.025402653962373734,0.999677300453186,0.00024355236382689327,-0.9996313452720642,0.0254038218408823,-0.009584139101207256,-0.009587232954800129,-0.0,0.9999540448188782],"on_ground":false,"pitch":0.0,"roll":0.0,"steer":0.0,"supersonic":false,"throttle":0.0,"time":998.653076171875,"v":[0.0,-2.0909998416900635,375.7610168457031],"w":[0.0004099999787285924,0.0,0.0],"x":[-612.97998046875,-2518.92626953125,134.4658660888672],"yaw":0.0},"ball":{"v":[0.0,0.0,0.0],"w":[0.0,0.0,0.0],"x":[0.0,0.0,92.73999786376953]}}
{"car":{"boost":false,"boost_left":43,"dodge_dir":[2.3512056226468525e-38,2.3510604481259484e-38],"dodge_timer":-1.0,"double_jumped":false,"handbrake":false,"jump":true,"jump_timer":-1.0,"jumped":true,"o":[0.025402653962373734,0.999677300453186,0.00024355236382689327,-0.9996313452720642,0.0254038218408823,-0.009584139101207256,-0.009587232954800129,-0.0,0.9999540448188782],"on_ground":false,"pitch":0.0,"roll":0.0,"steer":0.0,"supersonic":false,"throttle":0.0,"time":998.6614379882813,"v":[0.0,-2.0909998416900635,370.3179016113281],"w":[0.0004099999787285924,0.0,0.0],"x":[-612.97998046875,-2518.946533203125,137.56622314453125],"yaw":0.0},"ball":{"v":[0.0,0.0,0.0],"w":[0.0,0.0,0.0],"x":[0.0,0.0,92.73999786376953]}}
{"car":{"boost":false,"boost_left":43,"dodge_dir":[2.3512056226468525e-38,2.3510604481259484e-38],"dodge_timer":-1.0,"double_jumped":false,"handbrake":false,"jump":true,"jump_timer":-1.0,"jumped":true,"o":[0.025402653962373734,0.999677300453186,0.00024355236382689327,-0.9996313452720642,0.0254038218408823,-0.009584139101207256,-0.009587232954800129,-0.0,0.9999540448188782],"on_ground":false,"pitch":0.0,"roll":0.0,"steer":0.0,"supersonic":false,"throttle":0.0,"time":998.6697998046875,"v":[0.0,-2.0909998416900635,364.8621520996094],"w":[0.0004099999787285924,0.0,0.0],"x":[-612.97998046875,-2518.966552734375,140.62503051757813],"yaw":0.0},"ball":{"v":[0.0,0.0,0.0],"w":[0.0,0.0,0.0],"x":[0.0,0.0,92.73999786376953]}}
{"car":{"boost":false,"boost_left":43,"dodge_dir":[2.3512056226468525e-38,2.3510604481259484e-38],"dodge_timer":-1.0,"double_jumped":false,"handbrake":false,"jump":true,"jump_timer":-1.0,"jumped":true,"o":[0.025402653962373734,0.999677300453186,0.00024355236382689327,-0.9996313452720642,0.0254038218408823,-0.009584139101207256,-0.009587232954800129,-0.0,0.9999540448188782],"on_ground":false,"pitch":0.0,"roll":0.0,"steer":0.0,"supersonic":false,"throttle":0.0,"time":998.6781616210938,"v":[0.0,-2.0909998416900635,359.43072509765625],"w":[0.0004099999787285924,0.0,0.0],"x":[-612.97998046875,-2518.986572265625,143.6281280517578],"yaw":0.0},"ball":{"v":[0.0,0.0,0.0],"w":[0.0,0.0,0.0],"x":[0.0,0.0,92.73999786376953]}}
{"car":{"boost":false,"boost_left":43,"dodge_dir":[2.3512056226468525e-38,2.3510604481259484e-38],"dodge_timer":-1.0,"double_jumped":false,"handbrake":false,"jump":true,"jump_timer":-1.0,"jumped":true,"o":[0.025402653962373734,0.999677300453186,0.00024355236382689327,-0.9996313452720642,0.0254038218408823,-0.009584139101207256,-0.009587232954800129,-0.0,0.9999540448188782],"on_ground":false,"pitch":0.0,"roll":0.0,"steer":0.0,"supersonic":false,"throttle":0.0,"time":998.6865234375,"v":[0.0,-2.0909998416900635,353.9967041015625],"w":[0.0004099999787285924,0.0,0.0],"x":[-612.97998046875,-2519.006591796875,146.58413696289063],"yaw":0.0},"ball":{"v":[0.0,0.0,0.0],"w":[0.0,0.0,0.0],"x":[0.0,0.0,92.73999786376953]}}
{"car":{"boost":false,"boost_left":43,"dodge_dir":[2.3512056226468525e-38,2.3510604481259484e-38],"dodge_timer":-1.0,"double_jumped":false,"handbrake":false,"jump":true,"jump_timer":-1.0,"jumped":true,"o":[0.025402653962373734,0.999677300453186,0.00024355236382689327,-0.9996313452720642,0.0254038218408823,-0.009584139101207256,-0.009587232954800129,-0.0,0.9999540448188782],"on_ground":false,"pitch":0.0,"roll":0.0,"steer":0.0,"supersonic":false,"throttle":0.0,"time":998.6950073242188,"v":[0.0,-2.0909998416900635,348.5538024902344],"w":[0.0004099999787285924,0.0,0.0],"x":[-612.97998046875,-2519.02685546875,149.5030059814453],"yaw":0.0},"ball":{"v":[0.0,0.0,0.0],"w":[0.0,0.0,0.0],"x":[0.0,0.0,92.73999786376953]}}
{"car":{"boost":false,"boost_left":43,"dodge_dir":[2.3512056226468525e-38,2.3510604481259484e-38],"dodge_timer":-1.0,"double_jumped":false,"handbrake":false,"jump":true,"jump_timer":-1.0,"jumped":true,"o":[0.025402653962373734,0.999677300453186,0.00024355236382689327,-0.9996313452720642,0.0254038218408823,-0.009584139101207256,-0.009587232954800129,-0.0,0.9999540448188782],"on_ground":false,"pitch":0.0,"roll":0.0,"steer":0.0,"supersonic":false,"throttle":0.0,"time":998.703369140625,"v":[0.0,-2.0909998416900635,343.0439453125],"w":[0.0004099999787285924,0.0,0.0],"x":[-612.97998046875,-2519.047119140625,152.40829467773438],"yaw":0.0},"ball":{"v":[0.0,0.0,0.0],"w":[0.0,0.0,0.0],"x":[0.0,0.0,92.73999786376953]}}
{"car":{"boost":false,"boost_left":43,"dodge_dir":[2.3512056226468525e-38,2.3510604481259484e-38],"dodge_timer":-1.0,"double_jumped":false,"handbrake":false,"jump":true,"jump_timer":-1.0,"jumped":true,"o":[0.025402653962373734,0.999677300453186,0.00024355236382689327,-0.9996313452720642,0.0254038218408823,-0.009584139101207256,-0.009587232954800129,-0.0,0.9999540448188782],"on_ground":false,"pitch":0.0,"roll":0.0,"steer":0.0,"supersonic":false,"throttle":0.0,"time":998.7117309570313,"v":[0.0,-2.0909998416900635,337.6123046875],"w":[0.0004099999787285924,0.0,0.0],"x":[-612.97998046875,-2519.06689453125,155.2301025390625],"yaw":0.0},"ball":{"v":[0.0,0.0,0.0],"w":[0.0,0.0,0.0],"x":[0.0,0.0,92.73999786376953]}}
{"car":{"boost":false,"boost_left":43,"dodge_dir":[2.3512056226468525e-38,2.3510604481259484e-38],"dodge_timer":-1.0,"double_jumped":false,"handbrake":false,"jump":true,"jump_timer":-1.0,"jumped":true,"o":[0.025402653962373734,0.999677300453186,0.00024355236382689327,-0.9996313452720642,0.0254038218408823,-0.009584139101207256,-0.009587232954800129,-0.0,0.9999540448188782],"on_ground":false,"pitch":0.0,"roll":0.0,"steer":0.0,"supersonic":false,"throttle":0.0,"time":998.7200927734375,"v":[0.0,-2.0909998416900635,332.1806640625],"w":[0.0004099999787285924,0.0,0.0],"x":[-612.97998046875,-2519.087158203125,158.00314331054688],"yaw":0.0},"ball":{"v":[0.0,0.0,0.0],"w":[0.0,0.0,0.0],"x":[0.0,0.0,92.73999786376953]}}
{"car":{"boost":false,"boost_left":43,"dodge_dir":[2.3512056226468525e-38,2.3510604481259484e-38],"dodge_timer":-1.0,"double_jumped":false,"handbrake":false,"jump":true,"jump_timer":-1.0,"jumped":true,"o":[0.025402653962373734,0.999677300453186,0.00024355236382689327,-0.9996313452720642,0.0254038218408823,-0.009584139101207256,-0.009587232954800129,-0.0,0.9999540448188782],"on_ground":false,"pitch":0.0,"roll":0.0,"steer":0.0,"supersonic":false,"throttle":0.0,"time":998.7284545898438,"v":[0.0,-2.0909998416900635,326.749267578125],"w":[0.0004099999787285924,0.0,0.0],"x":[-612.97998046875,-2519.107177734375,160.7344970703125],"yaw":0.0},"ball":{"v":[0.0,0.0,0.0],"w":[0.0,0.0,0.0],"x":[0.0,0.0,92.73999786376953]}}
{"car":{"boost":false,"boost_left":43,"dodge_dir":[2.3512056226468525e-38,2.3510604481259484e-38],"dodge_timer":-1.0,"double_jumped":false,"handbrake":false,"jump":true,"jump_timer":-1.0,"jumped":true,"o":[0.025402653962373734,0.999677300453186,0.00024355236382689327,-0.9996313452720642,0.0254038218408823,-0.009584139101207256,-0.009587232954800129,-0.0,0.9999540448188782],"on_ground":false,"pitch":0.0,"roll":0.0,"steer":0.0,"supersonic":false,"throttle":0.0,"time":998.73681640625,"v":[0.0,-2.0909998416900635,321.31781005859375],"w":[0.0004099999787285924,0.0,0.0],"x":[-612.97998046875,-2519.127197265625,163.41702270507813],"yaw":0.0},"ball":{"v":[0.0,0.0,0.0],"w":[0.0,0.0,0.0],"x":[0.0,0.0,92.73999786376953]}}
{"car":{"boost":false,"boost_left":43,"dodge_dir":[2.3512056226468525e-38,2.3510604481259484e-38],"dodge_timer":-1.0,"double_jumped":false,"handbrake":false,"jump":true,"jump_timer":-1.0,"jumped":true,"o":[0.025402653962373734,0.999677300453186,0.00024355236382689327,-0.9996313452720642,0.0254038218408823,-0.009584139101207256,-0.009587232954800129,-0.0,0.9999540448188782],"on_ground":false,"pitch":0.0,"roll":0.0,"steer":0.0,"supersonic":false,"throttle":0.0,"time":998.7451782226563,"v":[0.0,-2.0909998416900635,315.88641357421875],"w":[0.0004099999787285924,0.0,0.0],"x":[-612.97998046875,-2519.147216796875,166.05801391601563],"yaw":0.0},"ball":{"v":[0.0,0.0,0.0],"w":[0.0,0.0,0.0],"x":[0.0,0.0,92.73999786376953]}}
{"car":{"boost":false,"boost_left":43,"dodge_dir":[2.3512056226468525e-38,2.3510604481259484e-38],"dodge_timer":-1.0,"double_jumped":false,"handbrake":false,"jump":true,"jump_timer":-1.0,"jumped":true,"o":[0.025402653962373734,0.999677300453186,0.00024355236382689327,-0.9996313452720642,0.0254038218408823,-0.009584139101207256,-0.009587232954800129,-0.0,0.9999540448188782],"on_ground":false,"pitch":0.0,"roll":0.0,"steer":0.0,"supersonic":false,"throttle":0.0,"time":998.7535400390625,"v":[0.0,-2.0909998416900635,310.4453125],"w":[0.0004099999787285924,0.0,0.0],"x":[-612.97998046875,-2519.167236328125,168.65472412109375],"yaw":0.0},"ball":{"v":[0.0,0.0,0.0],"w":[0.0,0.0,0.0],"x":[0.0,0.0,92.73999786376953]}}
{"car":{"boost":false,"boost_left":43,"dodge_dir":[2.3512056226468525e-38,2.3510604481259484e-38],"dodge_timer":-1.0,"double_jumped":false,"handbrake":false,"jump":true,"jump_timer":-1.0,"jumped":true,"o":[0.025402653962373734,0.999677300453186,0.00024355236382689327,-0.9996313452720642,0.0254038218408823,-0.009584139101207256,-0.009587232954800129,-0.0,0.9999540448188782],"on_ground":false,"pitch":0.0,"roll":0.0,"steer":0.0,"supersonic":false,"throttle":0.0,"time":998.761962890625,"v":[0.0,-2.0909998416900635,304.99700927734375],"w":[0.0004099999787285924,0.0,0.0],"x":[-612.97998046875,-2519.1875,171.21319580078125],"yaw":0.0},"ball":{"v":[0.0,0.0,0.0],"w":[0.0,0.0,0.0],"x":[0.0,0.0,92.73999786376953]}}
{"car":{"boost":false,"boost_left":43,"dodge_dir":[2.3512056226468525e-38,2.3510604481259484e-38],"dodge_timer":-1.0,"double_jumped":false,"handbrake":false,"jump":true,"jump_timer":-1.0,"jumped":true,"o":[0.025402653962373734,0.999677300453186,0.00024355236382689327,-0.9996313452720642,0.0254038218408823,-0.009584139101207256,-0.009587232954800129,-0.0,0.9999540448188782],"on_ground":false,"pitch":0.0,"roll":0.0,"steer":0.0,"supersonic":false,"throttle":0.0,"time":998.7703247070313,"v":[0.0,-2.0909998416900635,299.5102844238281],"w":[0.0004099999787285924,0.0,0.0],"x":[-612.97998046875,-2519.207763671875,173.74008178710938],"yaw":0.0},"ball":{"v":[0.0,0.0,0.0],"w":[0.0,0.0,0.0],"x":[0.0,0.0,92.73999786376953]}}
{"car":{"boost":false,"boost_left":43,"dodge_dir":[2.3512056226468525e-38,2.3510604481259484e-38],"dodge_timer":-1.0,"double_jumped":false,"handbrake":false,"jump":true,"jump_timer":-1.0,"jumped":true,"o":[0.025402653962373734,0.999677300453186,0.00024355236382689327,-0.9996313452720642,0.0254038218408823,-0.009584139101207256,-0.009587232954800129,-0.0,0.9999540448188782],"on_ground":false,"pitch":0.0,"roll":0.0,"steer":0.0,"supersonic":false,"throttle":0.0,"time":998.7787475585938,"v":[0.0,-2.0909998416900635,294.07763671875],"w":[0.0004099999787285924,0.0,0.0],"x":[-612.97998046875,-2519.227783203125,176.20030212402344],"yaw":0.0},"ball":{"v":[0.0,0.0,0.0],"w":[0.0,0.0,0.0],"x":[0.0,0.0,92.73999786376953]}}
{"car":{"boost":true,"boost_left":43,"dodge_dir":[2.3512056226468525e-38,2.3510604481259484e-38],"dodge_timer":-1.0,"double_jumped":false,"handbrake":false,"jump":true,"jump_timer":-1.0,"jumped":true,"o":[0.025402653962373734,0.999677300453186,0.00024355236382689327,-0.9996313452720642,0.0254038218408823,-0.009584139101207256,-0.009587232954800129,-0.0,0.9999540448188782],"on_ground":false,"pitch":0.0,"roll":0.0,"steer":0.0,"supersonic":false,"throttle":0.0,"time":998.787109375,"v":[0.0,-2.0909998416900635,288.6146240234375],"w":[0.0004099999787285924,0.0,0.0],"x":[-612.97998046875,-2519.248046875,178.62484741210938],"yaw":0.0},"ball":{"v":[0.0,0.0,0.0],"w":[0.0,0.0,0.0],"x":[0.0,0.0,92.73999786376953]}}
{"car":{"boost":true,"boost_left":43,"dodge_dir":[2.3512056226468525e-38,2.3510604481259484e-38],"dodge_timer":-1.0,"double_jumped":false,"handbrake":false,"jump":true,"jump_timer":-1.0,"jumped":true,"o":[0.025402653962373734,0.999677300453186,0.00024355236382689327,-0.9996313452720642,0.0254038218408823,-0.009584139101207256,-0.009587232954800129,-0.0,0.9999540448188782],"on_ground":false,"pitch":0.0,"roll":0.0,"steer":0.0,"supersonic":false,"throttle":0.0,"time":998.7954711914063,"v":[0.1809595376253128,-9.527447700500488,283.109375],"w":[0.0004099999787285924,0.0,0.0],"x":[-612.97998046875,-2519.330810546875,180.98570251464844],"yaw":0.0},"ball":{"v":[0.0,0.0,0.0],"w":[0.0,0.0,0.0],"x":[0.0,0.0,92.73999786376953]}}
{"car":{"boost":true,"boost_left":43,"dodge_dir":[2.3512056226468525e-38,2.3510604481259484e-38],"dodge_timer":-1.0,"double_jumped":false,"handbrake":false,"jump":true,"jump_timer":-1.0,"jumped":true,"o":[0.025402653962373734,0.999677300453186,0.00024355236382689327,-0.9996313452720642,0.0254038218408823,-0.009584139101207256,-0.009587232954800129,-0.0,0.9999540448188782],"on_ground":false,"pitch":0.0,"roll":0.0,"steer":0.0,"supersonic":false,"throttle":0.0,"time":998.803955078125,"v":[0.3999943435192108,-18.319820404052734,277.5861511230469],"w":[0.0004099999787285924,0.0,0.0],"x":[-612.97998046875,-2519.484619140625,183.30943298339844],"yaw":0.0},"ball":{"v":[0.0,0.0,0.0],"w":[0.0,0.0,0.0],"x":[0.0,0.0,92.73999786376953]}}
{"car":{"boost":true,"boost_left":42,"dodge_dir":[2.3512056226468525e-38,2.3510604481259484e-38],"dodge_timer":-1.0,"double_jumped":false,"handbrake":false,"jump":true,"jump_timer":-1.0,"jumped":true,"o":[0.025402653962373734,0.999677300453186,0.00024355236382689327,-0.9996313452720642,0.0254038218408823,-0.009584139101207256,-0.009587232954800129,-0.0,0.9999540448188782],"on_ground":false,"pitch":0.0,"roll":0.0,"steer":0.0,"supersonic":false,"throttle":0.0,"time":998.8123168945313,"v":[0.6241149306297302,-27.294828414916992,271.9831237792969],"w":[0.0004099999787285924,0.0,0.0],"x":[-612.9707641601563,-2519.71240234375,185.6165313720703],"yaw":0.0},"ball":{"v":[0.0,0.0,0.0],"w":[0.0,0.0,0.0],"x":[0.0,0.0,92.73999786376953]}}
{"car":{"boost":true,"boost_left":42,"dodge_dir":[2.3512056226468525e-38,2.3510604481259484e-38],"dodge_timer":-1.0,"double_jumped":false,"handbrake":false,"jump":true,"jump_timer":-1.0,"jumped":true,"o":[0.025402653962373734,0.999677300453186,0.00024355236382689327,-0.9996313452720642,0.0254038218408823,-0.009584139101207256,-0.009587232954800129,-0.0,0.9999540448188782],"on_ground":false,"pitch":0.0,"roll":0.0,"steer":0.0,"supersonic":false,"throttle":0.0,"time":998.8206787109375,"v":[0.8446033000946045,-36.124385833740234,266.4709167480469],"w":[0.0004099999787285924,0.0,0.0],"x":[-612.960693359375,-2520.016845703125,187.84454345703125],"yaw":0.0},"ball":{"v":[0.0,0.0,0.0],"w":[0.0,0.0,0.0],"x":[0.0,0.0,92.73999786376953]}}
{"car":{"boost":true,"boost_left":42,"dodge_dir":[2.3512056226468525e-38,2.3510604481259484e-38],"dodge_timer":-1.0,"double_jumped":false,"handbrake":false,"jump":true,"jump_timer":-1.0,"jumped":true,"o":[0.025402653962373734,0.999677300453186,0.00024355236382689327,-0.9996313452720642,0.0254038218408823,-0.009584139101207256,-0.009587232954800129,-0.0,0.9999540448188782],"on_ground":false,"pitch":0.0,"roll":0.0,"steer":0.0,"supersonic":false,"throttle":0.0,"time":998.8290405273438,"v":[1.0650835037231445,-44.953617095947266,260.95892333984375],"w":[0.0004099999787285924,0.0,0.0],"x":[-612.9507446289063,-2520.392333984375,190.0229949951172],"yaw":0.0},"ball":{"v":[0.0,0.0,0.0],"w":[0.0,0.0,0.0],"x":[0.0,0.0,92.73999786376953]}}
{"car":{"boost":true,"boost_left":41,"dodge_dir":[2.3512056226468525e-38,2.3510604481259484e-38],"dodge_timer":-1.0,"double_jumped":false,"handbrake":false,"jump":true,"jump_timer":-1.0,"jumped":true,"o":[0.025402653962373734,0.999677300453186,0.00024355236382689327,-0.9996313452720642,0.0254038218408823,-0.009584139101207256,-0.009587232954800129,-0.0,0.9999540448188782],"on_ground":false,"pitch":0.0,"roll":0.0,"steer":0.0,"supersonic":false,"throttle":0.0,"time":998.8374633789063,"v":[1.2855719327926636,-53.783172607421875,255.4467010498047],"w":[0.0004099999787285924,0.0,0.0],"x":[-612.9407348632813,-2520.83837890625,192.16062927246094],"yaw":0.0},"ball":{"v":[0.0,0.0,0.0],"w":[0.0,0.0,0.0],"x":[0.0,0.0,92.73999786376953]}}
{"car":{"boost":false,"boost_left":41,"dodge_dir":[2.3512056226468525e-38,2.3510604481259484e-38],"dodge_timer":-1.0,"double_jumped":false,"handbrake":false,"jump":true,"jump_timer":-1.0,"jumped":true,"o":[0.025402653962373734,0.999677300453186,0.00024355236382689327,-0.9996313452720642,0.0254038218408823,-0.009584139101207256,-0.009587232954800129,-0.0,0.9999540448188782],"on_ground":false,"pitch":0.0,"roll":0.0,"steer":0.0,"supersonic":false,"throttle":0.0,"time":998.8458251953125,"v":[1.5082234144210815,-62.69935607910156,249.8804168701172],"w":[0.0004099999787285924,0.0,0.0],"x":[-612.9306030273438,-2521.369140625,194.26919555664063],"yaw":0.0},"ball":{"v":[0.0,0.0,0.0],"w":[0.0,0.0,0.0],"x":[0.0,0.0,92.73999786376953]}}
{"car":{"boost":false,"boost_left":41,"dodge_dir":[2.3512056226468525e-38,2.3510604481259484e-38],"dodge_timer":-1.0,"double_jumped":false,"handbrake":false,"jump":true,"jump_timer":-1.0,"jumped":true,"o":[0.025402653962373734,0.999677300453186,0.00024355236382689327,-0.9996313452720642,0.0254038218408823,-0.009584139101207256,-0.009587232954800129,-0.0,0.9999540448188782],"on_ground":false,"pitch":0.0,"roll":0.0,"steer":0.0,"supersonic":false,"throttle":0.0,"time":998.8541870117188,"v":[1.7287037372589111,-71.52857971191406,244.368408203125],"w":[0.0004099999787285924,0.0,0.0],"x":[-612.9205322265625,-2521.966552734375,196.30653381347656],"yaw":0.0},"ball":{"v":[0.0,0.0,0.0],"w":[0.0,0.0,0.0],"x":[0.0,0.0,92.73999786376953]}}
{"car":{"boost":false,"boost_left":41,"dodge_dir":[2.3512056226468525e-38,2.3510604481259484e-38],"dodge_timer":-1.0,"double_jumped":false,"handbrake":false,"jump":true,"jump_timer":-1.0,"jumped":true,"o":[0.025402653962373734,0.999677300453186,0.00024355236382689327,-0.9996313452720642,0.0254038218408823,-0.009584139101207256,-0.009587232954800129,-0.0,0.9999540448188782],"on_ground":false,"pitch":0.0,"roll":0.0,"steer":0.0,"supersonic":false,"throttle":0.0,"time":998.862548828125,"v":[1.9491838216781616,-80.35781860351563,238.85641479492188],"w":[0.0004099999787285924,0.0,0.0],"x":[-612.9010620117188,-2522.634033203125,198.3031005859375],"yaw":0.0},"ball":{"v":[0.0,0.0,0.0],"w":[0.0,0.0,0.0],"x":[0.0,0.0,92.73999786376953]}}
{"car":{"boost":false,"boost_left":40,"dodge_dir":[2.3512056226468525e-38,2.3510604481259484e-38],"dodge_timer":-1.0,"double_jumped":false,"handbrake":false,"jump":true,"jump_timer":-1.0,"jumped":true,"o":[0.025402653962373734,0.999677300453186,0.00024355236382689327,-0.9996313452720642,0.0254038218408823,-0.009584139101207256,-0.009587232954800129,-0.0,0.9999540448188782],"on_ground":false,"pitch":0.0,"roll":0.0,"steer":0.0,"supersonic":false,"throttle":0.0,"time":998.8709106445313,"v":[2.170153856277466,-89.20665740966797,233.3321533203125],"w":[0.0004099999787285924,0.0,0.0],"x":[-612.8809814453125,-2523.383056640625,200.2543487548828],"yaw":0.0},"ball":{"v":[0.0,0.0,0.0],"w":[0.0,0.0,0.0],"x":[0.0,0.0,92.73999786376953]}}
{"car":{"boost":false,"boost_left":40,"dodge_dir":[2.3512056226468525e-38,2.3510604481259484e-38],"dodge_timer":-1.0,"double_jumped":false,"handbrake":false,"jump":true,"jump_timer":-1.0,"jumped":true,"o":[0.025402653962373734,0.999677300453186,0.00024355236382689327,-0.9996313452720642,0.0254038218408823,-0.009584139101207256,-0.009587232954800129,-0.0,0.9999540448188782],"on_ground":false,"pitch":0.0,"roll":0.0,"steer":0.0,"supersonic":false,"throttle":0.0,"time":998.8792724609375,"v":[2.3913848400115967,-98.06595611572266,227.80137634277344],"w":[0.0004099999787285924,0.0,0.0],"x":[-612.86083984375,-2524.2041015625,202.16696166992188],"yaw":0.0},"ball":{"v":[0.0,0.0,0.0],"w":[0.0,0.0,0.0],"x":[0.0,0.0,92.73999786376953]}}
{"car":{"boost":false,"boost_left":40,"dodge_dir":[2.3512056226468525e-38,2.3510604481259484e-38],"dodge_timer":-1.0,"double_jumped":false,"handbrake":false,"jump":true,"jump_timer":-1.0,"jumped":true,"o":[0.025402653962373734,0.999677300453186,0.00024355236382689327,-0.9996313452720642,0.0254038218408823,-0.009584139101207256,-0.009587232954800129,-0.0,0.9999540448188782],"on_ground":false,"pitch":0.0,"roll":0.0,"steer":0.0,"supersonic":false,"throttle":0.0,"time":998.8876342773438,"v":[2.611873149871826,-106.89551544189453,222.28916931152344],"w":[0.0004099999787285924,0.0,0.0],"x":[-612.8408203125,-2525.093017578125,204.0232391357422],"yaw":0.0},"ball":{"v":[0.0,0.0,0.0],"w":[0.0,0.0,0.0],"x":[0.0,0.0,92.73999786376953]}}
{"car":{"boost":false,"boost_left":39,"dodge_dir":[2.3512056226468525e-38,2.3510604481259484e-38],"dodge_timer":-1.0,"double_jumped":false,"handbrake":false,"jump":true,"jump_timer":-1.0,"jumped":true,"o":[0.025402653962373734,0.999677300453186,0.00024355236382689327,-0.9996313452720642,0.0254038218408823,-0.009584139101207256,-0.009587232954800129,-0.0,0.9999540448188782],"on_ground":false,"pitch":0.0,"roll":0.0,"steer":0.0,"supersonic":false,"throttle":0.0,"time":998.89599609375,"v":[2.6306068897247314,-107.78938293457031,216.8444061279297],"w":[0.0004099999787285924,0.0,0.0],"x":[-612.82080078125,-2525.99462890625,205.83885192871094],"yaw":0.0},"ball":{"v":[0.0,0.0,0.0],"w":[0.0,0.0,0.0],"x":[0.0,0.0,92.73999786376953]}}
{"car":{"boost":false,"boost_left":39,"dodge_dir":[2.3512056226468525e-38,2.3510604481259484e-38],"dodge_timer":-1.0,"double_jumped":false,"handbrake":false,"jump":true,"jump_timer":-1.0,"jumped":true,"o":[0.025402653962373734,0.999677300453186,0.00024355236382689327,-0.9996313452720642,0.0254038218408823,-0.009584139101207256,-0.009587232954800129,-0.0,0.9999540448188782],"on_ground":false,"pitch":0.0,"roll":0.0,"steer":0.0,"supersonic":false,"throttle":0.0,"time":998.9043579101563,"v":[2.630999803543091,-107.81099700927734,211.4121856689453],"w":[0.0004099999787285924,0.0,0.0],"x":[-612.8007202148438,-2526.896484375,207.60467529296875],"yaw":0.0},"ball":{"v":[0.0,0.0,0.0],"w":[0.0,0.0,0.0],"x":[0.0,0.0,92.73999786376953]}}
{"car":{"boost":false,"boost_left":39,"dodge_dir":[2.3512056226468525e-38,2.3510604481259484e-38],"dodge_timer":-1.0,"double_jumped":false,"handbrake":false,"jump":true,"jump_timer":-1.0,"jumped":true,"o":[0.025402653962373734,0.999677300453186,0.00024355236382689327,-0.9996313452720642,0.0254038218408823,-0.009584139101207256,-0.009587232954800129,-0.0,0.9999540448188782],"on_ground":false,"pitch":0.0,"roll":0.0,"steer":0.0,"supersonic":false,"throttle":0.0,"time":998.912841796875,"v":[2.630999803543091,-107.81099700927734,205.97372436523438],"w":[0.0004099999787285924,0.0,0.0],"x":[-612.7806396484375,-2527.799560546875,209.3223419189453],"yaw":0.0},"ball":{"v":[0.0,0.0,0.0],"w":[0.0,0.0,0.0],"x":[0.0,0.0,92.73999786376953]}}
{"car":{"boost":false,"boost_left":39,"dodge_dir":[2.3512056226468525e-38,2.3510604481259484e-38],"dodge_timer":-1.0,"double_jumped":false,"handbrake":false,"jump":true,"jump_timer":-1.0,"jumped":true,"o":[0.025402653962373734,0.999677300453186,0.00024355236382689327,-0.9996313452720642,0.0254038218408823,-0.009584139101207256,-0.009587232954800129,-0.0,0.9999540448188782],"on_ground":false,"pitch":0.0,"roll":0.0,"steer":0.0,"supersonic":false,"throttle":0.0,"time":998.9212646484375,"v":[2.630999803543091,-107.81099700927734,200.46910095214844],"w":[0.0004099999787285924,0.0,0.0],"x":[-612.7603759765625,-2528.713623046875,211.01976013183594],"yaw":0.0},"ball":{"v":[0.0,0.0,0.0],"w":[0.0,0.0,0.0],"x":[0.0,0.0,92.73999786376953]}}
{"car":{"boost":false,"boost_left":39,"dodge_dir":[2.3512056226468525e-38,2.3510604481259484e-38],"dodge_timer":-1.0,"double_jumped":false,"handbrake":false,"jump":true,"jump_timer":-1.0,"jumped":true,"o":[0.025402653962373734,0.999677300453186,0.00024355236382689327,-0.9996313452720642,0.0254038218408823,-0.009584139101207256,-0.009587232954800129,-0.0,0.9999540448188782],"on_ground":false,"pitch":0.0,"roll":0.0,"steer":0.0,"supersonic":false,"throttle":0.0,"time":998.9296264648438,"v":[2.630999803543091,-107.81099700927734,195.002685546875],"w":[0.0004099999787285924,0.0,0.0],"x":[-612.7401733398438,-2529.621337890625,212.65455627441406],"yaw":0.0},"ball":{"v":[0.0,0.0,0.0],"w":[0.0,0.0,0.0],"x":[0.0,0.0,92.73999786376953]}}
{"car":{"boost":false,"boost_left":39,"dodge_dir":[2.3512056226468525e-38,2.3510604481259484e-38],"dodge_timer":-1.0,"double_jumped":false,"handbrake":false,"jump":true,"jump_timer":-1.0,"jumped":true,"o":[0.025402653962373734,0.999677300453186,0.00024355236382689327,-0.9996313452720642,0.0254038218408823,-0.009584139101207256,-0.009587232954800129,-0.0,0.9999540448188782],"on_ground":false,"pitch":0.0,"roll":0.0,"steer":0.0,"supersonic":false,"throttle":0.0,"time":998.93798828125,"v":[2.630999803543091,-107.81099700927734,189.57064819335938],"w":[0.0004099999787285924,0.0,0.0],"x":[-612.7200927734375,-2530.5234375,214.2384490966797],"yaw":0.0},"ball":{"v":[0.0,0.0,0.0],"w":[0.0,0.0,0.0],"x":[0.0,0.0,92.73999786376953]}}
{"car":{"boost":false,"boost_left":39,"dodge_dir":[2.3512056226468525e-38,2.3510604481259484e-38],"dodge_timer":-1.0,"double_jumped":false,"handbrake":false,"jump":true,"jump_timer":-1.0,"jumped":true,"o":[0.025402653962373734,0.999677300453186,0.00024355236382689327,-0.9996313452720642,0.0254038218408823,-0.009584139101207256,-0.009587232954800129,-0.0,0.9999540448188782],"on_ground":false,"pitch":0.0,"roll":0.0,"steer":0.0,"supersonic":false,"throttle":0.0,"time":998.9463500976563,"v":[2.630999803543091,-107.81099700927734,184.13882446289063],"w":[0.0004099999787285924,0.0,0.0],"x":[-612.7001342773438,-2531.42529296875,215.7721405029297],"yaw":0.0},"ball":{"v":[0.0,0.0,0.0],"w":[0.0,0.0,0.0],"x":[0.0,0.0,92.73999786376953]}}
{"car":{"boost":false,"boost_left":39,"dodge_dir":[2.3512056226468525e-38,2.3510604481259484e-38],"dodge_timer":-1.0,"double_jumped":false,"handbrake":false,"jump":true,"jump_timer":-1.0,"jumped":true,"o":[0.025402653962373734,0.999677300453186,0.00024355236382689327,-0.9996313452720642,0.0254038218408823,-0.009584139101207256,-0.009587232954800129,-0.0,0.9999540448188782],"on_ground":false,"pitch":0.0,"roll":0.0,"steer":0.0,"supersonic":false,"throttle":0.0,"time":998.9547119140625,"v":[2.630999803543091,-107.81099700927734,178.7069854736328],"w":[0.0004099999787285924,0.0,0.0],"x":[-612.6800537109375,-2532.3271484375,217.26559448242188],"yaw":0.0},"ball":{"v":[0.0,0.0,0.0],"w":[0.0,0.0,0.0],"x":[0.0,0.0,92.73999786376953]}}
{"car":{"boost":false,"boost_left":39,"dodge_dir":[2.3512056226468525e-38,2.3510604481259484e-38],"dodge_timer":-1.0,"double_jumped":false,"handbrake":false,"jump":true,"jump_timer":-1.0,"jumped":true,"o":[0.025402653962373734,0.999677300453186,0.00024355236382689327,-0.9996313452720642,0.0254038218408823,-0.009584139101207256,-0.009587232954800129,-0.0,0.9999540448188782],"on_ground":false,"pitch":0.0,"roll":0.0,"steer":0.0,"supersonic":false,"throttle":0.0,"time":998.9630737304688,"v":[2.630999803543091,-107.81099700927734,173.2753448486328],"w":[0.0004099999787285924,0.0,0.0],"x":[-612.6599731445313,-2533.229248046875,218.70883178710938],"yaw":0.0},"ball":{"v":[0.0,0.0,0.0],"w":[0.0,0.0,0.0],"x":[0.0,0.0,92.73999786376953]}}
{"car":{"boost":false,"boost_left":39,"dodge_dir":[2.3512056226468525e-38,2.3510604481259484e-38],"dodge_timer":-1.0,"double_jumped":false,"handbrake":false,"jump":true,"jump_timer":-1.0,"jumped":true,"o":[0.025402653962373734,0.999677300453186,0.00024355236382689327,-0.9996313452720642,0.0254038218408823,-0.009584139101207256,-0.009587232954800129,-0.0,0.9999540448188782],"on_ground":false,"pitch":0.0,"roll":0.0,"steer":0.0,"supersonic":false,"throttle":0.0,"time":998.971435546875,"v":[2.630999803543091,-107.81099700927734,167.8201904296875],"w":[0.0004099999787285924,0.0,0.0],"x":[-612.639892578125,-2534.135009765625,220.11767578125],"yaw":0.0},"ball":{"v":[0.0,0.0,0.0],"w":[0.0,0.0,0.0],"x":[0.0,0.0,92.73999786376953]}}
{"car":{"boost":false,"boost_left":39,"dodge_dir":[2.3512056226468525e-38,2.3510604481259484e-38],"dodge_timer":-1.0,"double_jumped":false,"handbrake":false,"jump":true,"jump_timer":-1.0,"jumped":true,"o":[0.025402653962373734,0.999677300453186,0.00024355236382689327,-0.9996313452720642,0.0254038218408823,-0.009584139101207256,-0.009587232954800129,-0.0,0.9999540448188782],"on_ground":false,"pitch":0.0,"roll":0.0,"steer":0.0,"supersonic":false,"throttle":0.0,"time":998.9797973632813,"v":[2.630999803543091,-107.81099700927734,162.38856506347656],"w":[0.0004099999787285924,0.0,0.0],"x":[-612.6198120117188,-2535.037109375,221.47024536132813],"yaw":0.0},"ball":{"v":[0.0,0.0,0.0],"w":[0.0,0.0,0.0],"x":[0.0,0.0,92.73999786376953]}}
{"car":{"boost":false,"boost_left":39,"dodge_dir":[2.3512056226468525e-38,2.3510604481259484e-38],"dodge_timer":-1.0,"double_jumped":false,"handbrake":false,"jump":true,"jump_timer":-1.0,"jumped":true,"o":[0.025402653962373734,0.999677300453186,0.00024355236382689327,-0.9996313452720642,0.0254038218408823,-0.009584139101207256,-0.009587232954800129,-0.0,0.9999540448188782],"on_ground":false,"pitch":0.0,"roll":0.0,"steer":0.0,"supersonic":false,"throttle":0.0,"time":998.9881591796875,"v":[2.630999803543091,-107.81099700927734,156.95693969726563],"w":[0.0004099999787285924,0.0,0.0],"x":[-612.5997924804688,-2535.93896484375,222.78256225585938],"yaw":0.0},"ball":{"v":[0.0,0.0,0.0],"w":[0.0,0.0,0.0],"x":[0.0,0.0,92.73999786376953]}}
