{"car":{"boost":false,"boost_left":36,"dodge_dir":[2.3512056226468525e-38,2.3510604481259484e-38],"dodge_timer":-1.0,"double_jumped":false,"handbrake":false,"jump":true,"jump_timer":-1.0,"jumped":true,"o":[0.02530672773718834,0.999679684638977,0.000254765065619722,-0.999629020690918,0.02530800923705101,-0.010063353925943375,-0.010066578164696693,-0.0,0.9999493360519409],"on_ground":false,"pitch":0.0,"roll":0.0,"steer":0.0,"supersonic":false,"throttle":0.0,"time":1002.457275390625,"v":[0.0,-2.3029463291168213,448.7193298339844],"w":[0.0029167113825678825,0.00010999999358318746,0.0],"x":[-606.7000122070313,-2798.818603515625,91.24899291992188],"yaw":0.0},"ball":{"v":[0.0,0.0,0.0],"w":[0.0,0.0,0.0],"x":[0.0,0.0,92.73999786376953]}}
{"car":{"boost":false,"boost_left":36,"dodge_dir":[2.3512056226468525e-38,2.3510604481259484e-38],"dodge_timer":-1.0,"double_jumped":false,"handbrake":false,"jump":true,"jump_timer":-1.0,"jumped":true,"o":[0.0253067035228014,0.999679684638977,0.0002571913064457476,-0.9996280670166016,0.02530800923705101,-0.010159192606806755,-0.010162447579205036,-0.0,0.9999483823776245],"on_ground":false,"pitch":0.0,"roll":0.0,"steer":0.0,"supersonic":false,"throttle":0.0,"time":1002.4656372070313,"v":[0.0,-2.310999870300293,444.08221435546875],"w":[0.002816110849380493,0.00010999999358318746,0.0],"x":[-606.7000122070313,-2798.838623046875,94.97389221191406],"yaw":0.0},"ball":{"v":[0.0,0.0,0.0],"w":[0.0,0.0,0.0],"x":[0.0,0.0,92.73999786376953]}}
{"car":{"boost":false,"boost_left":36,"dodge_dir":[2.3512056226468525e-38,2.3510604481259484e-38],"dodge_timer":-1.0,"double_jumped":false,"handbrake":false,"jump":true,"jump_timer":-1.0,"jumped":true,"o":[0.0253067035228014,0.999679684638977,0.0002571913064457476,-0.9996280670166016,0.02530800923705101,-0.010159192606806755,-0.010162447579205036,-0.0,0.9999483823776245],"on_ground":false,"pitch":0.0,"roll":0.0,"steer":0.0,"supersonic":false,"throttle":0.0,"time":1002.4739990234375,"v":[0.0,-2.310999870300293,438.6250305175781],"w":[0.0027154251001775265,0.00010999999358318746,0.0],"x":[-606.7000122070313,-2798.85888671875,98.6519775390625],"yaw":0.0},"ball":{"v":[0.0,0.0,0.0],"w":[0.0,0.0,0.0],"x":[0.0,0.0,92.73999786376953]}}
{"car":{"boost":false,"boost_left":36,"dodge_dir":[2.3512056226468525e-38,2.3510604481259484e-38],"dodge_timer":-1.0,"double_jumped":false,"handbrake":false,"jump":true,"jump_timer":-1.0,"jumped":true,"o":[0.0253067035228014,0.999679684638977,0.0002571913064457476,-0.9996280670166016,0.02530800923705101,-0.010159192606806755,-0.010162447579205036,-0.0,0.9999483823776245],"on_ground":false,"pitch":0.0,"roll":0.0,"steer":0.0,"supersonic":false,"throttle":0.0,"time":1002.4823608398438,"v":[0.0,-2.310999870300293,433.17633056640625],"w":[0.002614895347505808,0.00010999999358318746,0.0],"x":[-606.7000122070313,-2798.87890625,102.28327941894531],"yaw":0.0},"ball":{"v":[0.0,0.0,0.0],"w":[0.0,0.0,0.0],"x":[0.0,0.0,92.73999786376953]}}
{"car":{"boost":false,"boost_left":36,"dodge_dir":[2.3512056226468525e-38,2.3510604481259484e-38],"dodge_timer":-1.0,"double_jumped":false,"handbrake":false,"jump":true,"jump_timer":-1.0,"jumped":true,"o":[0.0253067035228014,0.999679684638977,0.0002571913064457476,-0.9996280670166016,0.02530800923705101,-0.010159192606806755,-0.010162447579205036,-0.0,0.9999483823776245],"on_ground":false,"pitch":0.0,"roll":0.0,"steer":0.0,"supersonic":false,"throttle":0.0,"time":1002.49072265625,"v":[0.0,-2.310999870300293,427.727783203125],"w":[0.002514369087293744,0.00010999999358318746,0.0],"x":[-606.7000122070313,-2798.89892578125,105.86446380615234],"yaw":0.0},"ball":{"v":[0.0,0.0,0.0],"w":[0.0,0.0,0.0],"x":[0.0,0.0,92.73999786376953]}}
{"car":{"boost":false,"boost_left":36,"dodge_dir":[2.3512056226468525e-38,2.3510604481259484e-38],"dodge_timer":-1.0,"double_jumped":false,"handbrake":false,"jump":true,"jump_timer":-1.0,"jumped":true,"o":[0.0253067035228014,0.999679684638977,0.0002571913064457476,-0.9996280670166016,0.02530800923705101,-0.010159192606806755,-0.010162447579205036,-0.0,0.9999483823776245],"on_ground":false,"pitch":0.0,"roll":0.0,"steer":0.0,"supersonic":false,"throttle":0.0,"time":1002.4990844726563,"v":[0.0,-2.310999870300293,422.2762451171875],"w":[0.002413787180557847,0.00010999999358318746,0.0],"x":[-606.7000122070313,-2798.919189453125,109.40669250488281],"yaw":0.0},"ball":{"v":[0.0,0.0,0.0],"w":[0.0,0.0,0.0],"x":[0.0,0.0,92.73999786376953]}}
{"car":{"boost":false,"boost_left":36,"dodge_dir":[2.3512056226468525e-38,2.3510604481259484e-38],"dodge_timer":-1.0,"double_jumped":false,"handbrake":false,"jump":true,"jump_timer":-1.0,"jumped":true,"o":[0.02530667744576931,0.999679684638977,0.0002596175763756037,-0.9996270537376404,0.02530800923705101,-0.010255031287670135,-0.010258316993713379,-0.0,0.9999473690986633],"on_ground":false,"pitch":0.0,"roll":0.0,"steer":0.0,"supersonic":false,"throttle":0.0,"time":1002.5074462890625,"v":[0.0,-2.310999870300293,416.843017578125],"w":[0.002313542878255248,0.00010999999358318746,0.0],"x":[-606.7000122070313,-2798.939208984375,112.88705444335938],"yaw":0.0},"ball":{"v":[0.0,0.0,0.0],"w":[0.0,0.0,0.0],"x":[0.0,0.0,92.73999786376953]}}
{"car":{"boost":false,"boost_left":36,"dodge_dir":[2.3512056226468525e-38,2.3510604481259484e-38],"dodge_timer":-1.0,"double_jumped":false,"handbrake":false,"jump":true,"jump_timer":-1.0,"jumped":true,"o":[0.02530667744576931,0.999679684638977,0.0002596175763756037,-0.9996270537376404,0.02530800923705101,-0.010255031287670135,-0.010258316993713379,-0.0,0.9999473690986633],"on_ground":false,"pitch":0.0,"roll":0.0,"steer":0.0,"supersonic":false,"throttle":0.0,"time":1002.515869140625,"v":[0.0,-2.310999870300293,411.3970947265625],"w":[0.0022130650468170643,0.00010999999358318746,0.0],"x":[-606.7000122070313,-2798.959228515625,116.33486938476563],"yaw":0.0},"ball":{"v":[0.0,0.0,0.0],"w":[0.0,0.0,0.0],"x":[0.0,0.0,92.73999786376953]}}
{"car":{"boost":false,"boost_left":36,"dodge_dir":[2.3512056226468525e-38,2.3510604481259484e-38],"dodge_timer":-1.0,"double_jumped":false,"handbrake":false,"jump":true,"jump_timer":-1.0,"jumped":true,"o":[0.02530667744576931,0.999679684638977,0.0002596175763756037,-0.9996270537376404,0.02530800923705101,-0.010255031287670135,-0.010258316993713379,-0.0,0.9999473690986633],"on_ground":false,"pitch":0.0,"roll":0.0,"steer":0.0,"supersonic":false,"throttle":0.0,"time":1002.5242919921875,"v":[0.0,-2.310999870300293,405.9286804199219],"w":[0.0021121713798493147,0.00010999999358318746,0.0],"x":[-606.7000122070313,-2798.9794921875,119.7466049194336],"yaw":0.0},"ball":{"v":[0.0,0.0,0.0],"w":[0.0,0.0,0.0],"x":[0.0,0.0,92.73999786376953]}}
{"car":{"boost":false,"boost_left":36,"dodge_dir":[2.3512056226468525e-38,2.3510604481259484e-38],"dodge_timer":-1.0,"double_jumped":false,"handbrake":false,"jump":true,"jump_timer":-1.0,"jumped":true,"o":[0.02530667744576931,0.999679684638977,0.0002596175763756037,-0.9996270537376404,0.02530800923705101,-0.010255031287670135,-0.010258316993713379,-0.0,0.9999473690986633],"on_ground":false,"pitch":0.0,"roll":0.0,"steer":0.0,"supersonic":false,"throttle":0.0,"time":1002.5326538085938,"v":[0.0,-2.310999870300293,400.4409484863281],"w":[0.0020109214819967747,0.00010999999358318746,0.0],"x":[-606.7000122070313,-2798.999755859375,123.12921142578125],"yaw":0.0},"ball":{"v":[0.0,0.0,0.0],"w":[0.0,0.0,0.0],"x":[0.0,0.0,92.73999786376953]}}
{"car":{"boost":false,"boost_left":36,"dodge_dir":[2.3512056226468525e-38,2.3510604481259484e-38],"dodge_timer":-1.0,"double_jumped":false,"handbrake":false,"jump":true,"jump_timer":-1.0,"jumped":true,"o":[0.02530667744576931,0.999679684638977,0.0002596175763756037,-0.9996270537376404,0.02530800923705101,-0.010255031287670135,-0.010258316993713379,-0.0,0.9999473690986633],"on_ground":false,"pitch":0.0,"roll":0.0,"steer":0.0,"supersonic":false,"throttle":0.0,"time":1002.541015625,"v":[0.0,-2.310999870300293,395.01214599609375],"w":[0.0019107589032500982,0.00010999999358318746,0.0],"x":[-606.7000122070313,-2799.019775390625,126.4250259399414],"yaw":0.0},"ball":{"v":[0.0,0.0,0.0],"w":[0.0,0.0,0.0],"x":[0.0,0.0,92.73999786376953]}}
{"car":{"boost":false,"boost_left":36,"dodge_dir":[2.3512056226468525e-38,2.3510604481259484e-38],"dodge_timer":-1.0,"double_jumped":false,"handbrake":false,"jump":true,"jump_timer":-1.0,"jumped":true,"o":[0.02530667744576931,0.999679684638977,0.0002596175763756037,-0.9996270537376404,0.02530800923705101,-0.010255031287670135,-0.010258316993713379,-0.0,0.9999473690986633],"on_ground":false,"pitch":0.0,"roll":0.0,"steer":0.0,"supersonic":false,"throttle":0.0,"time":1002.5493774414063,"v":[0.0,-2.310999870300293,389.5835266113281],"w":[0.0018106000497937202,0.00010999999358318746,0.0],"x":[-606.7000122070313,-2799.0400390625,129.6804962158203],"yaw":0.0},"ball":{"v":[0.0,0.0,0.0],"w":[0.0,0.0,0.0],"x":[0.0,0.0,92.73999786376953]}}
{"car":{"boost":false,"boost_left":36,"dodge_dir":[2.3512056226468525e-38,2.3510604481259484e-38],"dodge_timer":-1.0,"double_jumped":false,"handbrake":false,"jump":true,"jump_timer":-1.0,"jumped":true,"o":[0.02530665323138237,0.999679684638977,0.0002620437880977988,-0.999626100063324,0.02530800923705101,-0.010350868105888367,-0.010354184545576572,-0.0,0.9999464154243469],"on_ground":false,"pitch":0.0,"roll":0.0,"steer":0.0,"supersonic":false,"throttle":0.0,"time":1002.5577392578125,"v":[0.0,-2.310999870300293,384.1549072265625],"w":[0.0017104409635066986,0.00010999999358318746,0.0],"x":[-606.7000122070313,-2799.06005859375,132.88587951660156],"yaw":0.0},"ball":{"v":[0.0,0.0,0.0],"w":[0.0,0.0,0.0],"x":[0.0,0.0,92.73999786376953]}}
{"car":{"boost":false,"boost_left":36,"dodge_dir":[2.3512056226468525e-38,2.3510604481259484e-38],"dodge_timer":-1.0,"double_jumped":false,"handbrake":false,"jump":true,"jump_timer":-1.0,"jumped":true,"o":[0.02530665323138237,0.999679684638977,0.0002620437880977988,-0.999626100063324,0.02530800923705101,-0.010350868105888367,-0.010354184545576572,-0.0,0.9999464154243469],"on_ground":false,"pitch":0.0,"roll":0.0,"steer":0.0,"supersonic":false,"throttle":0.0,"time":1002.5661010742188,"v":[0.0,-2.310999870300293,378.7226867675781],"w":[0.0016102154040709138,0.00010999999358318746,0.0],"x":[-606.7000122070313,-2799.079833984375,136.05319213867188],"yaw":0.0},"ball":{"v":[0.0,0.0,0.0],"w":[0.0,0.0,0.0],"x":[0.0,0.0,92.73999786376953]}}
{"car":{"boost":false,"boost_left":36,"dodge_dir":[2.3512056226468525e-38,2.3510604481259484e-38],"dodge_timer":-1.0,"double_jumped":false,"handbrake":false,"jump":true,"jump_timer":-1.0,"jumped":true,"o":[0.02530665323138237,0.999679684638977,0.0002620437880977988,-0.999626100063324,0.02530800923705101,-0.010350868105888367,-0.010354184545576572,-0.0,0.9999464154243469],"on_ground":false,"pitch":0.0,"roll":0.0,"steer":0.0,"supersonic":false,"throttle":0.0,"time":1002.5745239257813,"v":[0.0,-2.310999870300293,373.2721252441406],"w":[0.001509652123786509,0.00010999999358318746,0.0],"x":[-606.7000122070313,-2799.099853515625,139.18067932128906],"yaw":0.0},"ball":{"v":[0.0,0.0,0.0],"w":[0.0,0.0,0.0],"x":[0.0,0.0,92.73999786376953]}}
{"car":{"boost":false,"boost_left":36,"dodge_dir":[2.3512056226468525e-38,2.3510604481259484e-38],"dodge_timer":-1.0,"double_jumped":false,"handbrake":false,"jump":true,"jump_timer":-1.0,"jumped":true,"o":[0.02530665323138237,0.999679684638977,0.0002620437880977988,-0.999626100063324,0.02530800923705101,-0.010350868105888367,-0.010354184545576572,-0.0,0.9999464154243469],"on_ground":false,"pitch":0.0,"roll":0.0,"steer":0.0,"supersonic":false,"throttle":0.0,"time":1002.5828857421875,"v":[0.0,-2.310999870300293,367.8087463378906],"w":[0.0014088512398302555,0.00010999999358318746,0.0],"x":[-606.7000122070313,-2799.1201171875,142.27467346191406],"yaw":0.0},"ball":{"v":[0.0,0.0,0.0],"w":[0.0,0.0,0.0],"x":[0.0,0.0,92.73999786376953]}}
{"car":{"boost":false,"boost_left":36,"dodge_dir":[2.3512056226468525e-38,2.3510604481259484e-38],"dodge_timer":-1.0,"double_jumped":false,"handbrake":false,"jump":true,"jump_timer":-1.0,"jumped":true,"o":[0.02530665323138237,0.999679684638977,0.0002620437880977988,-0.999626100063324,0.02530800923705101,-0.010350868105888367,-0.010354184545576572,-0.0,0.9999464154243469],"on_ground":false,"pitch":0.0,"roll":0.0,"steer":0.0,"supersonic":false,"throttle":0.0,"time":1002.5912475585938,"v":[0.0,-2.310999870300293,362.3799133300781],"w":[0.001308688661083579,0.00010999999358318746,0.0],"x":[-606.7000122070313,-2799.14013671875,145.299072265625],"yaw":0.0},"ball":{"v":[0.0,0.0,0.0],"w":[0.0,0.0,0.0],"x":[0.0,0.0,92.73999786376953]}}
{"car":{"boost":false,"boost_left":36,"dodge_dir":[2.3512056226468525e-38,2.3510604481259484e-38],"dodge_timer":-1.0,"double_jumped":false,"handbrake":false,"jump":true,"jump_timer":-1.0,"jumped":true,"o":[0.02530665323138237,0.999679684638977,0.0002620437880977988,-0.999626100063324,0.02530800923705101,-0.010350868105888367,-0.010354184545576572,-0.0,0.9999464154243469],"on_ground":false,"pitch":0.0,"roll":0.0,"steer":0.0,"supersonic":false,"throttle":0.0,"time":1002.599609375,"v":[0.0,-2.310999870300293,356.95111083984375],"w":[0.0012085259659215808,0.00010999999358318746,0.0],"x":[-606.7000122070313,-2799.16015625,148.28317260742188],"yaw":0.0},"ball":{"v":[0.0,0.0,0.0],"w":[0.0,0.0,0.0],"x":[0.0,0.0,92.73999786376953]}}
{"car":{"boost":false,"boost_left":36,"dodge_dir":[2.3512056226468525e-38,2.3510604481259484e-38],"dodge_timer":-1.0,"double_jumped":false,"handbrake":false,"jump":true,"jump_timer":-1.0,"jumped":true,"o":[0.02530665323138237,0.999679684638977,0.0002620437880977988,-0.999626100063324,0.02530800923705101,-0.010350868105888367,-0.010354184545576572,-0.0,0.9999464154243469],"on_ground":false,"pitch":0.0,"roll":0.0,"steer":0.0,"supersonic":false,"throttle":0.0,"time":1002.6079711914063,"v":[0.0,-2.310999870300293,351.5050048828125],"w":[0.0011080444091930985,0.00010999999358318746,0.0],"x":[-606.7000122070313,-2799.180419921875,151.226318359375],"yaw":0.0},"ball":{"v":[0.0,0.0,0.0],"w":[0.0,0.0,0.0],"x":[0.0,0.0,92.73999786376953]}}
{"car":{"boost":false,"boost_left":36,"dodge_dir":[2.3512056226468525e-38,2.3510604481259484e-38],"dodge_timer":-1.0,"double_jumped":false,"handbrake":false,"jump":true,"jump_timer":-1.0,"jumped":true,"o":[0.02530662715435028,0.999679684638977,0.0002644700580276549,-0.9996250867843628,0.02530800923705101,-0.010446706786751747,-0.010450053960084915,-0.0,0.9999454021453857],"on_ground":false,"pitch":0.0,"roll":0.0,"steer":0.0,"supersonic":false,"throttle":0.0,"time":1002.6163330078125,"v":[0.0,-2.310999870300293,346.0735778808594],"w":[0.001007833518087864,0.00010999999358318746,0.0],"x":[-606.7000122070313,-2799.200439453125,154.1115264892578],"yaw":0.0},"ball":{"v":[0.0,0.0,0.0],"w":[0.0,0.0,0.0],"x":[0.0,0.0,92.73999786376953]}}
{"car":{"boost":false,"boost_left":36,"dodge_dir":[2.3512056226468525e-38,2.3510604481259484e-38],"dodge_timer":-1.0,"double_jumped":false,"handbrake":false,"jump":true,"jump_timer":-1.0,"jumped":true,"o":[0.02530662715435028,0.999679684638977,0.0002644700580276549,-0.9996250867843628,0.02530800923705101,-0.010446706786751747,-0.010450053960084915,-0.0,0.9999454021453857],"on_ground":false,"pitch":0.0,"roll":0.0,"steer":0.0,"supersonic":false,"throttle":0.0,"time":1002.6246948242188,"v":[0.0,-2.310999870300293,340.61761474609375],"w":[0.000907170120626688,0.00010999999358318746,0.0],"x":[-606.7000122070313,-2799.220458984375,156.9689483642578],"yaw":0.0},"ball":{"v":[0.0,0.0,0.0],"w":[0.0,0.0,0.0],"x":[0.0,0.0,92.73999786376953]}}
{"car":{"boost":false,"boost_left":36,"dodge_dir":[2.3512056226468525e-38,2.3510604481259484e-38],"dodge_timer":-1.0,"double_jumped":false,"handbrake":false,"jump":true,"jump_timer":-1.0,"jumped":true,"o":[0.02530662715435028,0.999679684638977,0.0002644700580276549,-0.9996250867843628,0.02530800923705101,-0.010446706786751747,-0.010450053960084915,-0.0,0.9999454021453857],"on_ground":false,"pitch":0.0,"roll":0.0,"steer":0.0,"supersonic":false,"throttle":0.0,"time":1002.6331787109375,"v":[0.0,-2.310999870300293,335.178955078125],"w":[0.000806825642939657,0.00010999999358318746,0.0],"x":[-606.7000122070313,-2799.24072265625,159.7672882080078],"yaw":0.0},"ball":{"v":[0.0,0.0,0.0],"w":[0.0,0.0,0.0],"x":[0.0,0.0,92.73999786376953]}}
{"car":{"boost":false,"boost_left":36,"dodge_dir":[2.3512056226468525e-38,2.3510604481259484e-38],"dodge_timer":-1.0,"double_jumped":false,"handbrake":false,"jump":true,"jump_timer":-1.0,"jumped":true,"o":[0.02530662715435028,0.999679684638977,0.0002644700580276549,-0.9996250867843628,0.02530800923705101,-0.010446706786751747,-0.010450053960084915,-0.0,0.9999454021453857],"on_ground":false,"pitch":0.0,"roll":0.0,"steer":0.0,"supersonic":false,"throttle":0.0,"time":1002.6415405273438,"v":[0.0,-2.310999870300293,329.6737365722656],"w":[0.0007052531582303345,0.00010999999358318746,0.0],"x":[-606.7000122070313,-2799.260986328125,162.5581512451172],"yaw":0.0},"ball":{"v":[0.0,0.0,0.0],"w":[0.0,0.0,0.0],"x":[0.0,0.0,92.73999786376953]}}
{"car":{"boost":false,"boost_left":36,"dodge_dir":[2.3512056226468525e-38,2.3510604481259484e-38],"dodge_timer":-1.0,"double_jumped":false,"handbrake":false,"jump":true,"jump_timer":-1.0,"jumped":true,"o":[0.02530662715435028,0.999679684638977,0.0002644700580276549,-0.9996250867843628,0.02530800923705101,-0.010446706786751747,-0.010450053960084915,-0.0,0.9999454021453857],"on_ground":false,"pitch":0.0,"roll":0.0,"steer":0.0,"supersonic":false,"throttle":0.0,"time":1002.64990234375,"v":[0.0,-2.310999870300293,324.24468994140625],"w":[0.0006050868541933596,0.00010999999358318746,0.0],"x":[-606.7000122070313,-2799.281005859375,165.26068115234375],"yaw":0.0},"ball":{"v":[0.0,0.0,0.0],"w":[0.0,0.0,0.0],"x":[0.0,0.0,92.73999786376953]}}
{"car":{"boost":false,"boost_left":36,"dodge_dir":[2.3512056226468525e-38,2.3510604481259484e-38],"dodge_timer":-1.0,"double_jumped":false,"handbrake":false,"jump":true,"jump_timer":-1.0,"jumped":true,"o":[0.02530662715435028,0.999679684638977,0.0002644700580276549,-0.9996250867843628,0.02530800923705101,-0.010446706786751747,-0.010450053960084915,-0.0,0.9999454021453857],"on_ground":false,"pitch":0.0,"roll":0.0,"steer":0.0,"supersonic":false,"throttle":0.0,"time":1002.6582641601563,"v":[0.0,-2.310999870300293,318.8157043457031],"w":[0.0005049204919487238,0.00010999999358318746,0.0],"x":[-606.7000122070313,-2799.301025390625,167.9225616455078],"yaw":0.0},"ball":{"v":[0.0,0.0,0.0],"w":[0.0,0.0,0.0],"x":[0.0,0.0,92.73999786376953]}}
{"car":{"boost":false,"boost_left":36,"dodge_dir":[2.3512056226468525e-38,2.3510604481259484e-38],"dodge_timer":-1.0,"double_jumped":false,"handbrake":false,"jump":true,"jump_timer":-1.0,"jumped":true,"o":[0.02530662715435028,0.999679684638977,0.0002644700580276549,-0.9996250867843628,0.02530800923705101,-0.010446706786751747,-0.010450053960084915,-0.0,0.9999454021453857],"on_ground":false,"pitch":0.0,"roll":0.0,"steer":0.0,"supersonic":false,"throttle":0.0,"time":1002.6666259765625,"v":[0.0,-2.310999870300293,313.3868713378906],"w":[0.0004099999787285924,0.00010999999358318746,0.0],"x":[-606.7000122070313,-2799.32080078125,170.5347137451172],"yaw":0.0},"ball":{"v":[0.0,0.0,0.0],"w":[0.0,0.0,0.0],"x":[0.0,0.0,92.73999786376953]}}
{"car":{"boost":false,"boost_left":36,"dodge_dir":[2.3512056226468525e-38,2.3510604481259484e-38],"dodge_timer":-1.0,"double_jumped":false,"handbrake":false,"jump":true,"jump_timer":-1.0,"jumped":true,"o":[0.02530662715435028,0.999679684638977,0.0002644700580276549,-0.9996250867843628,0.02530800923705101,-0.010446706786751747,-0.010450053960084915,-0.0,0.9999454021453857],"on_ground":false,"pitch":0.0,"roll":0.0,"steer":0.0,"supersonic":false,"throttle":0.0,"time":1002.6749877929688,"v":[0.0,-2.310999870300293,307.95806884765625],"w":[0.0004099999787285924,0.00010999999358318746,0.0],"x":[-606.7000122070313,-2799.3408203125,173.106201171875],"yaw":0.0},"ball":{"v":[0.0,0.0,0.0],"w":[0.0,0.0,0.0],"x":[0.0,0.0,92.73999786376953]}}
{"car":{"boost":false,"boost_left":36,"dodge_dir":[2.3512056226468525e-38,2.3510604481259484e-38],"dodge_timer":-1.0,"double_jumped":false,"handbrake":false,"jump":true,"jump_timer":-1.0,"jumped":true,"o":[0.02530662715435028,0.999679684638977,0.0002644700580276549,-0.9996250867843628,0.02530800923705101,-0.010446706786751747,-0.010450053960084915,-0.0,0.9999454021453857],"on_ground":false,"pitch":0.0,"roll":0.0,"steer":0.0,"supersonic":false,"throttle":0.0,"time":1002.6834106445313,"v":[0.0,-2.310999870300293,302.5288391113281],"w":[0.0004099999787285924,0.00010999999358318746,0.0],"x":[-606.7000122070313,-2799.361083984375,175.6282501220703],"yaw":0.0},"ball":{"v":[0.0,0.0,0.0],"w":[0.0,0.0,0.0],"x":[0.0,0.0,92.73999786376953]}}
{"car":{"boost":false,"boost_left":36,"dodge_dir":[2.3512056226468525e-38,2.3510604481259484e-38],"dodge_timer":-1.0,"double_jumped":false,"handbrake":false,"jump":true,"jump_timer":-1.0,"jumped":true,"o":[0.02530662715435028,0.999679684638977,0.0002644700580276549,-0.9996250867843628,0.02530800923705101,-0.010446706786751747,-0.010450053960084915,-0.0,0.9999454021453857],"on_ground":false,"pitch":0.0,"roll":0.0,"steer":0.0,"supersonic":false,"throttle":0.0,"time":1002.69189453125,"v":[0.0,-2.310999870300293,297.032470703125],"w":[0.0004099999787285924,0.00010999999358318746,0.0],"x":[-606.7000122070313,-2799.38134765625,178.13970947265625],"yaw":0.0},"ball":{"v":[0.0,0.0,0.0],"w":[0.0,0.0,0.0],"x":[0.0,0.0,92.73999786376953]}}
{"car":{"boost":false,"boost_left":36,"dodge_dir":[2.3512056226468525e-38,2.3510604481259484e-38],"dodge_timer":-1.0,"double_jumped":false,"handbrake":false,"jump":true,"jump_timer":-1.0,"jumped":true,"o":[0.02530662715435028,0.999679684638977,0.0002644700580276549,-0.9996250867843628,0.02530800923705101,-0.010446706786751747,-0.010450053960084915,-0.0,0.9999454021453857],"on_ground":false,"pitch":0.0,"roll":0.0,"steer":0.0,"supersonic":false,"throttle":0.0,"time":1002.7002563476563,"v":[0.0,-2.310999870300293,291.49688720703125],"w":[0.0004099999787285924,0.00010999999358318746,0.0],"x":[-606.7000122070313,-2799.401611328125,180.61788940429688],"yaw":0.0},"ball":{"v":[0.0,0.0,0.0],"w":[0.0,0.0,0.0],"x":[0.0,0.0,92.73999786376953]}}
{"car":{"boost":true,"boost_left":36,"dodge_dir":[2.3512056226468525e-38,2.3510604481259484e-38],"dodge_timer":-1.0,"double_jumped":false,"handbrake":false,"jump":true,"jump_timer":-1.0,"jumped":true,"o":[0.02530662715435028,0.999679684638977,0.0002644700580276549,-0.9996250867843628,0.02530800923705101,-0.010446706786751747,-0.010450053960084915,-0.0,0.9999454021453857],"on_ground":false,"pitch":0.0,"roll":0.0,"steer":0.0,"supersonic":false,"throttle":0.0,"time":1002.7086181640625,"v":[0.0,-2.310999870300293,286.06787109375],"w":[0.0004099999787285924,0.00010999999358318746,0.0],"x":[-606.7000122070313,-2799.421875,183.00721740722656],"yaw":0.0},"ball":{"v":[0.0,0.0,0.0],"w":[0.0,0.0,0.0],"x":[0.0,0.0,92.73999786376953]}}
{"car":{"boost":true,"boost_left":36,"dodge_dir":[2.3512056226468525e-38,2.3510604481259484e-38],"dodge_timer":-1.0,"double_jumped":false,"handbrake":false,"jump":true,"jump_timer":-1.0,"jumped":true,"o":[0.02530662715435028,0.999679684638977,0.0002644700580276549,-0.9996250867843628,0.02530800923705101,-0.010446706786751747,-0.010450053960084915,-0.0,0.9999454021453857],"on_ground":false,"pitch":0.0,"roll":0.0,"steer":0.0,"supersonic":false,"throttle":0.0,"time":1002.7169799804688,"v":[0.01899326965212822,-3.091519355773926,280.6303405761719],"w":[0.0004099999787285924,0.00010999999358318746,0.0],"x":[-606.7000122070313,-2799.448486328125,185.34732055664063],"yaw":0.0},"ball":{"v":[0.0,0.0,0.0],"w":[0.0,0.0,0.0],"x":[0.0,0.0,92.73999786376953]}}
{"car":{"boost":true,"boost_left":36,"dodge_dir":[2.3512056226468525e-38,2.3510604481259484e-38],"dodge_timer":-1.0,"double_jumped":false,"handbrake":false,"jump":true,"jump_timer":-1.0,"jumped":true,"o":[0.02530662715435028,0.999679684638977,0.0002644700580276549,-0.9996250867843628,0.02530800923705101,-0.010446706786751747,-0.010450053960084915,-0.0,0.9999454021453857],"on_ground":false,"pitch":0.0,"roll":0.0,"steer":0.0,"supersonic":false,"throttle":0.0,"time":1002.725341796875,"v":[0.2221464067697525,-11.417818069458008,275.1113586425781],"w":[0.0004099999787285924,0.00010999999358318746,0.0],"x":[-606.7000122070313,-2799.54541015625,187.64625549316406],"yaw":0.0},"ball":{"v":[0.0,0.0,0.0],"w":[0.0,0.0,0.0],"x":[0.0,0.0,92.73999786376953]}}
{"car":{"boost":true,"boost_left":36,"dodge_dir":[2.3512056226468525e-38,2.3510604481259484e-38],"dodge_timer":-1.0,"double_jumped":false,"handbrake":false,"jump":true,"jump_timer":-1.0,"jumped":true,"o":[0.02530662715435028,0.999679684638977,0.0002644700580276549,-0.9996250867843628,0.02530800923705101,-0.010446706786751747,-0.010450053960084915,-0.0,0.9999454021453857],"on_ground":false,"pitch":0.0,"roll":0.0,"steer":0.0,"supersonic":false,"throttle":0.0,"time":1002.7337646484375,"v":[0.44249600172042847,-20.2418155670166,269.5926208496094],"w":[0.0004099999787285924,0.00010999999358318746,0.0],"x":[-606.6990356445313,-2799.71240234375,189.89593505859375],"yaw":0.0},"ball":{"v":[0.0,0.0,0.0],"w":[0.0,0.0,0.0],"x":[0.0,0.0,92.73999786376953]}}
{"car":{"boost":false,"boost_left":35,"dodge_dir":[2.3512056226468525e-38,2.3510604481259484e-38],"dodge_timer":-1.0,"double_jumped":false,"handbrake":false,"jump":true,"jump_timer":-1.0,"jumped":true,"o":[0.02530662715435028,0.999679684638977,0.0002644700580276549,-0.9996250867843628,0.02530800923705101,-0.010446706786751747,-0.010450053960084915,-0.0,0.9999454021453857],"on_ground":false,"pitch":0.0,"roll":0.0,"steer":0.0,"supersonic":false,"throttle":0.0,"time":1002.7421875,"v":[0.6646739840507507,-29.139034271240234,264.028076171875],"w":[0.0004099999787285924,0.00010999999358318746,0.0],"x":[-606.6889038085938,-2799.953369140625,192.1224365234375],"yaw":0.0},"ball":{"v":[0.0,0.0,0.0],"w":[0.0,0.0,0.0],"x":[0.0,0.0,92.73999786376953]}}
{"car":{"boost":false,"boost_left":35,"dodge_dir":[2.3512056226468525e-38,2.3510604481259484e-38],"dodge_timer":-1.0,"double_jumped":false,"handbrake":false,"jump":true,"jump_timer":-1.0,"jumped":true,"o":[0.02530662715435028,0.999679684638977,0.0002644700580276549,-0.9996250867843628,0.02530800923705101,-0.010446706786751747,-0.010450053960084915,-0.0,0.9999454021453857],"on_ground":false,"pitch":0.0,"roll":0.0,"steer":0.0,"supersonic":false,"throttle":0.0,"time":1002.7505493164063,"v":[0.8866968154907227,-38.03004455566406,258.4674072265625],"w":[0.0004099999787285924,0.00010999999358318746,0.0],"x":[-606.6788330078125,-2800.2744140625,194.2964630126953],"yaw":0.0},"ball":{"v":[0.0,0.0,0.0],"w":[0.0,0.0,0.0],"x":[0.0,0.0,92.73999786376953]}}
{"car":{"boost":false,"boost_left":35,"dodge_dir":[2.3512056226468525e-38,2.3510604481259484e-38],"dodge_timer":-1.0,"double_jumped":false,"handbrake":false,"jump":true,"jump_timer":-1.0,"jumped":true,"o":[0.02530662715435028,0.999679684638977,0.0002644700580276549,-0.9996250867843628,0.02530800923705101,-0.010446706786751747,-0.010450053960084915,-0.0,0.9999454021453857],"on_ground":false,"pitch":0.0,"roll":0.0,"steer":0.0,"supersonic":false,"throttle":0.0,"time":1002.7589111328125,"v":[1.1070464849472046,-46.854042053222656,252.9486541748047],"w":[0.0004099999787285924,0.00010999999358318746,0.0],"x":[-606.6688232421875,-2800.6630859375,196.40505981445313],"yaw":0.0},"ball":{"v":[0.0,0.0,0.0],"w":[0.0,0.0,0.0],"x":[0.0,0.0,92.73999786376953]}}
{"car":{"boost":false,"boost_left":34,"dodge_dir":[2.3512056226468525e-38,2.3510604481259484e-38],"dodge_timer":-1.0,"double_jumped":false,"handbrake":false,"jump":true,"jump_timer":-1.0,"jumped":true,"o":[0.02530662715435028,0.999679684638977,0.0002644700580276549,-0.9996250867843628,0.02530800923705101,-0.010446706786751747,-0.010450053960084915,-0.0,0.9999454021453857],"on_ground":false,"pitch":0.0,"roll":0.0,"steer":0.0,"supersonic":false,"throttle":0.0,"time":1002.7672729492188,"v":[1.3273879289627075,-55.67771530151367,247.4300994873047],"w":[0.0004099999787285924,0.00010999999358318746,0.0],"x":[-606.6587524414063,-2801.12353515625,198.4722900390625],"yaw":0.0},"ball":{"v":[0.0,0.0,0.0],"w":[0.0,0.0,0.0],"x":[0.0,0.0,92.73999786376953]}}
{"car":{"boost":false,"boost_left":34,"dodge_dir":[2.3512056226468525e-38,2.3510604481259484e-38],"dodge_timer":-1.0,"double_jumped":false,"handbrake":false,"jump":true,"jump_timer":-1.0,"jumped":true,"o":[0.02530662715435028,0.999679684638977,0.0002644700580276549,-0.9996250867843628,0.02530800923705101,-0.010446706786751747,-0.010450053960084915,-0.0,0.9999454021453857],"on_ground":false,"pitch":0.0,"roll":0.0,"steer":0.0,"supersonic":false,"throttle":0.0,"time":1002.7757568359375,"v":[1.5477293729782104,-64.50138854980469,241.91156005859375],"w":[0.0004099999787285924,0.00010999999358318746,0.0],"x":[-606.6487426757813,-2801.662841796875,200.49057006835938],"yaw":0.0},"ball":{"v":[0.0,0.0,0.0],"w":[0.0,0.0,0.0],"x":[0.0,0.0,92.73999786376953]}}
{"car":{"boost":false,"boost_left":34,"dodge_dir":[2.3512056226468525e-38,2.3510604481259484e-38],"dodge_timer":-1.0,"double_jumped":false,"handbrake":false,"jump":true,"jump_timer":-1.0,"jumped":true,"o":[0.02530662715435028,0.999679684638977,0.0002644700580276549,-0.9996250867843628,0.02530800923705101,-0.010446706786751747,-0.010450053960084915,-0.0,0.9999454021453857],"on_ground":false,"pitch":0.0,"roll":0.0,"steer":0.0,"supersonic":false,"throttle":0.0,"time":1002.7841186523438,"v":[1.7713031768798828,-73.45449829101563,236.31204223632813],"w":[0.0004099999787285924,0.00010999999358318746,0.0],"x":[-606.6372680664063,-2802.28369140625,202.49583435058594],"yaw":0.0},"ball":{"v":[0.0,0.0,0.0],"w":[0.0,0.0,0.0],"x":[0.0,0.0,92.73999786376953]}}
{"car":{"boost":false,"boost_left":33,"dodge_dir":[2.3512056226468525e-38,2.3510604481259484e-38],"dodge_timer":-1.0,"double_jumped":false,"handbrake":false,"jump":true,"jump_timer":-1.0,"jumped":true,"o":[0.02530662715435028,0.999679684638977,0.0002644700580276549,-0.9996250867843628,0.02530800923705101,-0.010446706786751747,-0.010450053960084915,-0.0,0.9999454021453857],"on_ground":false,"pitch":0.0,"roll":0.0,"steer":0.0,"supersonic":false,"throttle":0.0,"time":1002.8008422851563,"v":[2.21197772026062,-91.10151672363281,225.275146484375],"w":[0.0004099999787285924,0.00010999999358318746,0.0],"x":[-606.59716796875,-2803.7353515625,206.29908752441406],"yaw":0.0},"ball":{"v":[0.0,0.0,0.0],"w":[0.0,0.0,0.0],"x":[0.0,0.0,92.73999786376953]}}
{"car":{"boost":false,"boost_left":33,"dodge_dir":[2.3512056226468525e-38,2.3510604481259484e-38],"dodge_timer":-1.0,"double_jumped":false,"handbrake":false,"jump":true,"jump_timer":-1.0,"jumped":true,"o":[0.02530662715435028,0.999679684638977,0.0002644700580276549,-0.9996250867843628,0.02530800923705101,-0.010446706786751747,-0.010450053960084915,-0.0,0.9999454021453857],"on_ground":false,"pitch":0.0,"roll":0.0,"steer":0.0,"supersonic":false,"throttle":0.0,"time":1002.8092041015625,"v":[2.432302713394165,-99.9245376586914,219.7570037841797],"w":[0.0004099999787285924,0.00010999999358318746,0.0],"x":[-606.5770874023438,-2804.56787109375,208.1346893310547],"yaw":0.0},"ball":{"v":[0.0,0.0,0.0],"w":[0.0,0.0,0.0],"x":[0.0,0.0,92.73999786376953]}}
{"car":{"boost":false,"boost_left":33,"dodge_dir":[2.3512056226468525e-38,2.3510604481259484e-38],"dodge_timer":-1.0,"double_jumped":false,"handbrake":false,"jump":true,"jump_timer":-1.0,"jumped":true,"o":[0.02530662715435028,0.999679684638977,0.0002644700580276549,-0.9996250867843628,0.02530800923705101,-0.010446706786751747,-0.010450053960084915,-0.0,0.9999454021453857],"on_ground":false,"pitch":0.0,"roll":0.0,"steer":0.0,"supersonic":false,"throttle":0.0,"time":1002.825927734375,"v":[2.630999803543091,-108.03099822998047,208.81378173828125],"w":[0.0004099999787285924,0.00010999999358318746,0.0],"x":[-606.5370483398438,-2806.37060546875,211.6669158935547],"yaw":0.0},"ball":{"v":[0.0,0.0,0.0],"w":[0.0,0.0,0.0],"x":[0.0,0.0,92.73999786376953]}}
{"car":{"boost":false,"boost_left":33,"dodge_dir":[2.3512056226468525e-38,2.3510604481259484e-38],"dodge_timer":-1.0,"double_jumped":false,"handbrake":false,"jump":true,"jump_timer":-1.0,"jumped":true,"o":[0.02530662715435028,0.999679684638977,0.0002644700580276549,-0.9996250867843628,0.02530800923705101,-0.010446706786751747,-0.010450053960084915,-0.0,0.9999454021453857],"on_ground":false,"pitch":0.0,"roll":0.0,"steer":0.0,"supersonic":false,"throttle":0.0,"time":1002.8342895507813,"v":[2.630999803543091,-108.03099822998047,203.3857879638672],"w":[0.0004099999787285924,0.00010999999358318746,0.0],"x":[-606.5170288085938,-2807.27197265625,213.36355590820313],"yaw":0.0},"ball":{"v":[0.0,0.0,0.0],"w":[0.0,0.0,0.0],"x":[0.0,0.0,92.73999786376953]}}
{"car":{"boost":false,"boost_left":33,"dodge_dir":[2.3512056226468525e-38,2.3510604481259484e-38],"dodge_timer":-1.0,"double_jumped":false,"handbrake":false,"jump":true,"jump_timer":-1.0,"jumped":true,"o":[0.02530662715435028,0.999679684638977,0.0002644700580276549,-0.9996250867843628,0.02530800923705101,-0.010446706786751747,-0.010450053960084915,-0.0,0.9999454021453857],"on_ground":false,"pitch":0.0,"roll":0.0,"steer":0.0,"supersonic":false,"throttle":0.0,"time":1002.8511352539063,"v":[2.630999803543091,-108.03099822998047,192.51187133789063],"w":[0.0004099999787285924,0.00010999999358318746,0.0],"x":[-606.4769287109375,-2809.07763671875,216.6301727294922],"yaw":0.0},"ball":{"v":[0.0,0.0,0.0],"w":[0.0,0.0,0.0],"x":[0.0,0.0,92.73999786376953]}}
{"car":{"boost":false,"boost_left":33,"dodge_dir":[2.3512056226468525e-38,2.3510604481259484e-38],"dodge_timer":-1.0,"double_jumped":false,"handbrake":false,"jump":true,"jump_timer":-1.0,"jumped":true,"o":[0.02530662715435028,0.999679684638977,0.0002644700580276549,-0.9996250867843628,0.02530800923705101,-0.010446706786751747,-0.010450053960084915,-0.0,0.9999454021453857],"on_ground":false,"pitch":0.0,"roll":0.0,"steer":0.0,"supersonic":false,"throttle":0.0,"time":1002.8594970703125,"v":[2.630999803543091,-108.03099822998047,187.00442504882813],"w":[0.0004099999787285924,0.00010999999358318746,0.0],"x":[-606.4566040039063,-2809.9921875,218.217041015625],"yaw":0.0},"ball":{"v":[0.0,0.0,0.0],"w":[0.0,0.0,0.0],"x":[0.0,0.0,92.73999786376953]}}
{"car":{"boost":false,"boost_left":33,"dodge_dir":[2.3512056226468525e-38,2.3510604481259484e-38],"dodge_timer":-1.0,"double_jumped":false,"handbrake":false,"jump":true,"jump_timer":-1.0,"jumped":true,"o":[0.02530662715435028,0.999679684638977,0.0002644700580276549,-0.9996250867843628,0.02530800923705101,-0.010446706786751747,-0.010450053960084915,-0.0,0.9999454021453857],"on_ground":false,"pitch":0.0,"roll":0.0,"steer":0.0,"supersonic":false,"throttle":0.0,"time":1002.876220703125,"v":[2.630999803543091,-108.03099822998047,176.14801025390625],"w":[0.0004099999787285924,0.00010999999358318746,0.0],"x":[-606.4165649414063,-2811.794921875,221.20614624023438],"yaw":0.0},"ball":{"v":[0.0,0.0,0.0],"w":[0.0,0.0,0.0],"x":[0.0,0.0,92.73999786376953]}}
{"car":{"boost":false,"boost_left":33,"dodge_dir":[2.3512056226468525e-38,2.3510604481259484e-38],"dodge_timer":-1.0,"double_jumped":false,"handbrake":false,"jump":true,"jump_timer":-1.0,"jumped":true,"o":[0.02530662715435028,0.999679684638977,0.0002644700580276549,-0.9996250867843628,0.02530800923705101,-0.010446706786751747,-0.010450053960084915,-0.0,0.9999454021453857],"on_ground":false,"pitch":0.0,"roll":0.0,"steer":0.0,"supersonic":false,"throttle":0.0,"time":1002.8845825195313,"v":[2.630999803543091,-108.03099822998047,170.72000122070313],"w":[0.0004099999787285924,0.00010999999358318746,0.0],"x":[-606.396484375,-2812.6962890625,222.63133239746094],"yaw":0.0},"ball":{"v":[0.0,0.0,0.0],"w":[0.0,0.0,0.0],"x":[0.0,0.0,92.73999786376953]}}
{"car":{"boost":false,"boost_left":33,"dodge_dir":[2.3512056226468525e-38,2.3510604481259484e-38],"dodge_timer":-1.0,"double_jumped":false,"handbrake":false,"jump":true,"jump_timer":-1.0,"jumped":true,"o":[0.02530662715435028,0.999679684638977,0.0002644700580276549,-0.9996250867843628,0.02530800923705101,-0.010446706786751747,-0.010450053960084915,-0.0,0.9999454021453857],"on_ground":false,"pitch":0.0,"roll":0.0,"steer":0.0,"supersonic":false,"throttle":0.0,"time":1002.8929443359375,"v":[2.630999803543091,-108.03099822998047,165.27468872070313],"w":[0.0004099999787285924,0.00010999999358318746,0.0],"x":[-606.37646484375,-2813.600341796875,224.01890563964844],"yaw":0.0},"ball":{"v":[0.0,0.0,0.0],"w":[0.0,0.0,0.0],"x":[0.0,0.0,92.73999786376953]}}
{"car":{"boost":false,"boost_left":33,"dodge_dir":[2.3512056226468525e-38,2.3510604481259484e-38],"dodge_timer":-1.0,"double_jumped":false,"handbrake":false,"jump":true,"jump_timer":-1.0,"jumped":true,"o":[0.02530662715435028,0.999679684638977,0.0002644700580276549,-0.9996250867843628,0.02530800923705101,-0.010446706786751747,-0.010450053960084915,-0.0,0.9999454021453857],"on_ground":false,"pitch":0.0,"roll":0.0,"steer":0.0,"supersonic":false,"throttle":0.0,"time":1002.9097290039063,"v":[2.630999803543091,-108.03099822998047,154.3366241455078],"w":[0.0004099999787285924,0.00010999999358318746,0.0],"x":[-606.3360595703125,-2815.416748046875,226.66546630859375],"yaw":0.0},"ball":{"v":[0.0,0.0,0.0],"w":[0.0,0.0,0.0],"x":[0.0,0.0,92.73999786376953]}}
{"car":{"boost":false,"boost_left":33,"dodge_dir":[2.3512056226468525e-38,2.3510604481259484e-38],"dodge_timer":-1.0,"double_jumped":false,"handbrake":false,"jump":true,"jump_timer":-1.0,"jumped":true,"o":[0.02530662715435028,0.999679684638977,0.0002644700580276549,-0.9996250867843628,0.02530800923705101,-0.010446706786751747,-0.010450053960084915,-0.0,0.9999454021453857],"on_ground":false,"pitch":0.0,"roll":0.0,"steer":0.0,"supersonic":false,"throttle":0.0,"time":1002.9180908203125,"v":[2.630999803543091,-108.03099822998047,148.90821838378906],"w":[0.0004099999787285924,0.00010999999358318746,0.0],"x":[-606.3160400390625,-2816.318115234375,227.9075164794922],"yaw":0.0},"ball":{"v":[0.0,0.0,0.0],"w":[0.0,0.0,0.0],"x":[0.0,0.0,92.73999786376953]}}
{"car":{"boost":false,"boost_left":33,"dodge_dir":[2.3512056226468525e-38,2.3510604481259484e-38],"dodge_timer":-1.0,"double_jumped":false,"handbrake":false,"jump":true,"jump_timer":-1.0,"jumped":true,"o":[0.02530662715435028,0.999679684638977,0.0002644700580276549,-0.9996250867843628,0.02530800923705101,-0.010446706786751747,-0.010450053960084915,-0.0,0.9999454021453857],"on_ground":false,"pitch":0.0,"roll":0.0,"steer":0.0,"supersonic":false,"throttle":0.0,"time":1002.9348754882813,"v":[2.630999803543091,-108.03099822998047,138.01197814941406],"w":[0.0004099999787285924,0.00010999999358318746,0.0],"x":[-606.2758178710938,-2818.12744140625,230.26121520996094],"yaw":0.0},"ball":{"v":[0.0,0.0,0.0],"w":[0.0,0.0,0.0],"x":[0.0,0.0,92.73999786376953]}}
{"car":{"boost":false,"boost_left":33,"dodge_dir":[2.3512056226468525e-38,2.3510604481259484e-38],"dodge_timer":-1.0,"double_jumped":false,"handbrake":false,"jump":true,"jump_timer":-1.0,"jumped":true,"o":[0.02530662715435028,0.999679684638977,0.0002644700580276549,-0.9996250867843628,0.02530800923705101,-0.010446706786751747,-0.010450053960084915,-0.0,0.9999454021453857],"on_ground":false,"pitch":0.0,"roll":0.0,"steer":0.0,"supersonic":false,"throttle":0.0,"time":1002.9432373046875,"v":[2.630999803543091,-108.03099822998047,132.5833740234375],"w":[0.0004099999787285924,0.00010999999358318746,0.0],"x":[-606.2557983398438,-2819.02880859375,231.36459350585938],"yaw":0.0},"ball":{"v":[0.0,0.0,0.0],"w":[0.0,0.0,0.0],"x":[0.0,0.0,92.73999786376953]}}
