{"car":{"boost":false,"boost_left":39,"dodge_dir":[2.3512056226468525e-38,2.3510604481259484e-38],"dodge_timer":-1.0,"double_jumped":false,"handbrake":false,"jump":true,"jump_timer":-1.0,"jumped":true,"o":[0.025402629747986794,0.999677300453186,0.0002459878451190889,-0.9996303915977478,0.0254038218408823,-0.009679978713393211,-0.009683103300631046,-0.0,0.9999530911445618],"on_ground":false,"pitch":0.0,"roll":0.0,"steer":0.0,"supersonic":false,"throttle":0.0,"time":1000.5552978515625,"v":[0.0,-2.1009998321533203,440.8973693847656],"w":[0.0004099999787285924,0.00010999999358318746,0.0],"x":[-609.8200073242188,-2659.62744140625,94.22908020019531],"yaw":0.0},"ball":{"v":[0.0,0.0,0.0],"w":[0.0,0.0,0.0],"x":[0.0,0.0,92.73999786376953]}}
{"car":{"boost":false,"boost_left":39,"dodge_dir":[2.3512056226468525e-38,2.3510604481259484e-38],"dodge_timer":-1.0,"double_jumped":false,"handbrake":false,"jump":true,"jump_timer":-1.0,"jumped":true,"o":[0.025402629747986794,0.999677300453186,0.0002459878451190889,-0.9996303915977478,0.0254038218408823,-0.009679978713393211,-0.009683103300631046,-0.0,0.9999530911445618],"on_ground":false,"pitch":0.0,"roll":0.0,"steer":0.0,"supersonic":false,"throttle":0.0,"time":1000.5636596679688,"v":[0.0,-2.1009998321533203,435.3782958984375],"w":[0.0004099999787285924,0.00010999999358318746,0.0],"x":[-609.8200073242188,-2659.64794921875,97.921142578125],"yaw":0.0},"ball":{"v":[0.0,0.0,0.0],"w":[0.0,0.0,0.0],"x":[0.0,0.0,92.73999786376953]}}
{"car":{"boost":false,"boost_left":39,"dodge_dir":[2.3512056226468525e-38,2.3510604481259484e-38],"dodge_timer":-1.0,"double_jumped":false,"handbrake":false,"jump":true,"jump_timer":-1.0,"jumped":true,"o":[0.025402629747986794,0.999677300453186,0.0002459878451190889,-0.9996303915977478,0.0254038218408823,-0.009679978713393211,-0.009683103300631046,-0.0,0.9999530911445618],"on_ground":false,"pitch":0.0,"roll":0.0,"steer":0.0,"supersonic":false,"throttle":0.0,"time":1000.572021484375,"v":[0.0,-2.1009998321533203,429.9544982910156],"w":[0.0004099999787285924,0.00010999999358318746,0.0],"x":[-609.8200073242188,-2659.66796875,101.50761413574219],"yaw":0.0},"ball":{"v":[0.0,0.0,0.0],"w":[0.0,0.0,0.0],"x":[0.0,0.0,92.73999786376953]}}
{"car":{"boost":false,"boost_left":39,"dodge_dir":[2.3512056226468525e-38,2.3510604481259484e-38],"dodge_timer":-1.0,"double_jumped":false,"handbrake":false,"jump":true,"jump_timer":-1.0,"jumped":true,"o":[0.025402629747986794,0.999677300453186,0.0002459878451190889,-0.9996303915977478,0.0254038218408823,-0.009679978713393211,-0.009683103300631046,-0.0,0.9999530911445618],"on_ground":false,"pitch":0.0,"roll":0.0,"steer":0.0,"supersonic":false,"throttle":0.0,"time":1000.5803833007813,"v":[0.0,-2.1009998321533203,424.5311279296875],"w":[0.0004099999787285924,0.00010999999358318746,0.0],"x":[-609.8200073242188,-2659.68798828125,105.04473876953125],"yaw":0.0},"ball":{"v":[0.0,0.0,0.0],"w":[0.0,0.0,0.0],"x":[0.0,0.0,92.73999786376953]}}
{"car":{"boost":false,"boost_left":39,"dodge_dir":[2.3512056226468525e-38,2.3510604481259484e-38],"dodge_timer":-1.0,"double_jumped":false,"handbrake":false,"jump":true,"jump_timer":-1.0,"jumped":true,"o":[0.025402629747986794,0.999677300453186,0.0002459878451190889,-0.9996303915977478,0.0254038218408823,-0.009679978713393211,-0.009683103300631046,-0.0,0.9999530911445618],"on_ground":false,"pitch":0.0,"roll":0.0,"steer":0.0,"supersonic":false,"throttle":0.0,"time":1000.5887451171875,"v":[0.0,-2.1009998321533203,419.10772705078125],"w":[0.0004099999787285924,0.00010999999358318746,0.0],"x":[-609.8200073242188,-2659.7080078125,108.54083251953125],"yaw":0.0},"ball":{"v":[0.0,0.0,0.0],"w":[0.0,0.0,0.0],"x":[0.0,0.0,92.73999786376953]}}
{"car":{"boost":false,"boost_left":39,"dodge_dir":[2.3512056226468525e-38,2.3510604481259484e-38],"dodge_timer":-1.0,"double_jumped":false,"handbrake":false,"jump":true,"jump_timer":-1.0,"jumped":true,"o":[0.025402629747986794,0.999677300453186,0.0002459878451190889,-0.9996303915977478,0.0254038218408823,-0.009679978713393211,-0.009683103300631046,-0.0,0.9999530911445618],"on_ground":false,"pitch":0.0,"roll":0.0,"steer":0.0,"supersonic":false,"throttle":0.0,"time":1000.5971069335938,"v":[0.0,-2.1009998321533203,413.66302490234375],"w":[0.0004099999787285924,0.00010999999358318746,0.0],"x":[-609.8200073242188,-2659.72802734375,112.0013656616211],"yaw":0.0},"ball":{"v":[0.0,0.0,0.0],"w":[0.0,0.0,0.0],"x":[0.0,0.0,92.73999786376953]}}
{"car":{"boost":false,"boost_left":39,"dodge_dir":[2.3512056226468525e-38,2.3510604481259484e-38],"dodge_timer":-1.0,"double_jumped":false,"handbrake":false,"jump":true,"jump_timer":-1.0,"jumped":true,"o":[0.025402629747986794,0.999677300453186,0.0002459878451190889,-0.9996303915977478,0.0254038218408823,-0.009679978713393211,-0.009683103300631046,-0.0,0.9999530911445618],"on_ground":false,"pitch":0.0,"roll":0.0,"steer":0.0,"supersonic":false,"throttle":0.0,"time":1000.60546875,"v":[0.0,-2.1009998321533203,408.2131042480469],"w":[0.0004099999787285924,0.00010999999358318746,0.0],"x":[-609.8200073242188,-2659.748291015625,115.4238510131836],"yaw":0.0},"ball":{"v":[0.0,0.0,0.0],"w":[0.0,0.0,0.0],"x":[0.0,0.0,92.73999786376953]}}
{"car":{"boost":false,"boost_left":39,"dodge_dir":[2.3512056226468525e-38,2.3510604481259484e-38],"dodge_timer":-1.0,"double_jumped":false,"handbrake":false,"jump":true,"jump_timer":-1.0,"jumped":true,"o":[0.025402629747986794,0.999677300453186,0.0002459878451190889,-0.9996303915977478,0.0254038218408823,-0.009679978713393211,-0.009683103300631046,-0.0,0.9999530911445618],"on_ground":false,"pitch":0.0,"roll":0.0,"steer":0.0,"supersonic":false,"throttle":0.0,"time":1000.6138305664063,"v":[0.0,-2.1009998321533203,402.76336669921875],"w":[0.0004099999787285924,0.00010999999358318746,0.0],"x":[-609.8200073242188,-2659.768310546875,118.79657745361328],"yaw":0.0},"ball":{"v":[0.0,0.0,0.0],"w":[0.0,0.0,0.0],"x":[0.0,0.0,92.73999786376953]}}
{"car":{"boost":false,"boost_left":39,"dodge_dir":[2.3512056226468525e-38,2.3510604481259484e-38],"dodge_timer":-1.0,"double_jumped":false,"handbrake":false,"jump":true,"jump_timer":-1.0,"jumped":true,"o":[0.025402629747986794,0.999677300453186,0.0002459878451190889,-0.9996303915977478,0.0254038218408823,-0.009679978713393211,-0.009683103300631046,-0.0,0.9999530911445618],"on_ground":false,"pitch":0.0,"roll":0.0,"steer":0.0,"supersonic":false,"throttle":0.0,"time":1000.6222534179688,"v":[0.0,-2.1009998321533203,397.3275146484375],"w":[0.0004099999787285924,0.00010999999358318746,0.0],"x":[-609.8200073242188,-2659.78857421875,122.11952209472656],"yaw":0.0},"ball":{"v":[0.0,0.0,0.0],"w":[0.0,0.0,0.0],"x":[0.0,0.0,92.73999786376953]}}
{"car":{"boost":false,"boost_left":39,"dodge_dir":[2.3512056226468525e-38,2.3510604481259484e-38],"dodge_timer":-1.0,"double_jumped":false,"handbrake":false,"jump":true,"jump_timer":-1.0,"jumped":true,"o":[0.025402629747986794,0.999677300453186,0.0002459878451190889,-0.9996303915977478,0.0254038218408823,-0.009679978713393211,-0.009683103300631046,-0.0,0.9999530911445618],"on_ground":false,"pitch":0.0,"roll":0.0,"steer":0.0,"supersonic":false,"throttle":0.0,"time":1000.6306762695313,"v":[0.0,-2.1009998321533203,391.85064697265625],"w":[0.0004099999787285924,0.00010999999358318746,0.0],"x":[-609.8200073242188,-2659.80859375,125.41766357421875],"yaw":0.0},"ball":{"v":[0.0,0.0,0.0],"w":[0.0,0.0,0.0],"x":[0.0,0.0,92.73999786376953]}}
{"car":{"boost":false,"boost_left":39,"dodge_dir":[2.3512056226468525e-38,2.3510604481259484e-38],"dodge_timer":-1.0,"double_jumped":false,"handbrake":false,"jump":true,"jump_timer":-1.0,"jumped":true,"o":[0.025402629747986794,0.999677300453186,0.0002459878451190889,-0.9996303915977478,0.0254038218408823,-0.009679978713393211,-0.009683103300631046,-0.0,0.9999530911445618],"on_ground":false,"pitch":0.0,"roll":0.0,"steer":0.0,"supersonic":false,"throttle":0.0,"time":1000.6390380859375,"v":[0.0,-2.1009998321533203,386.3920593261719],"w":[0.0004099999787285924,0.00010999999358318746,0.0],"x":[-609.8200073242188,-2659.82861328125,128.66331481933594],"yaw":0.0},"ball":{"v":[0.0,0.0,0.0],"w":[0.0,0.0,0.0],"x":[0.0,0.0,92.73999786376953]}}
{"car":{"boost":false,"boost_left":39,"dodge_dir":[2.3512056226468525e-38,2.3510604481259484e-38],"dodge_timer":-1.0,"double_jumped":false,"handbrake":false,"jump":true,"jump_timer":-1.0,"jumped":true,"o":[0.025402629747986794,0.999677300453186,0.0002459878451190889,-0.9996303915977478,0.0254038218408823,-0.009679978713393211,-0.009683103300631046,-0.0,0.9999530911445618],"on_ground":false,"pitch":0.0,"roll":0.0,"steer":0.0,"supersonic":false,"throttle":0.0,"time":1000.6473999023438,"v":[0.0,-2.1009998321533203,380.9453430175781],"w":[0.0004099999787285924,0.00010999999358318746,0.0],"x":[-609.8200073242188,-2659.8486328125,131.85198974609375],"yaw":0.0},"ball":{"v":[0.0,0.0,0.0],"w":[0.0,0.0,0.0],"x":[0.0,0.0,92.73999786376953]}}
{"car":{"boost":false,"boost_left":39,"dodge_dir":[2.3512056226468525e-38,2.3510604481259484e-38],"dodge_timer":-1.0,"double_jumped":false,"handbrake":false,"jump":true,"jump_timer":-1.0,"jumped":true,"o":[0.025402629747986794,0.999677300453186,0.0002459878451190889,-0.9996303915977478,0.0254038218408823,-0.009679978713393211,-0.009683103300631046,-0.0,0.9999530911445618],"on_ground":false,"pitch":0.0,"roll":0.0,"steer":0.0,"supersonic":false,"throttle":0.0,"time":1000.6558227539063,"v":[0.0,-2.1009998321533203,375.51837158203125],"w":[0.0004099999787285924,0.00010999999358318746,0.0],"x":[-609.8200073242188,-2659.868896484375,134.98828125],"yaw":0.0},"ball":{"v":[0.0,0.0,0.0],"w":[0.0,0.0,0.0],"x":[0.0,0.0,92.73999786376953]}}
{"car":{"boost":false,"boost_left":39,"dodge_dir":[2.3512056226468525e-38,2.3510604481259484e-38],"dodge_timer":-1.0,"double_jumped":false,"handbrake":false,"jump":true,"jump_timer":-1.0,"jumped":true,"o":[0.025402629747986794,0.999677300453186,0.0002459878451190889,-0.9996303915977478,0.0254038218408823,-0.009679978713393211,-0.009683103300631046,-0.0,0.9999530911445618],"on_ground":false,"pitch":0.0,"roll":0.0,"steer":0.0,"supersonic":false,"throttle":0.0,"time":1000.6642456054688,"v":[0.0,-2.1009998321533203,370.0521240234375],"w":[0.0004099999787285924,0.00010999999358318746,0.0],"x":[-609.8200073242188,-2659.888916015625,138.09727478027344],"yaw":0.0},"ball":{"v":[0.0,0.0,0.0],"w":[0.0,0.0,0.0],"x":[0.0,0.0,92.73999786376953]}}
{"car":{"boost":false,"boost_left":39,"dodge_dir":[2.3512056226468525e-38,2.3510604481259484e-38],"dodge_timer":-1.0,"double_jumped":false,"handbrake":false,"jump":true,"jump_timer":-1.0,"jumped":true,"o":[0.025402629747986794,0.999677300453186,0.0002459878451190889,-0.9996303915977478,0.0254038218408823,-0.009679978713393211,-0.009683103300631046,-0.0,0.9999530911445618],"on_ground":false,"pitch":0.0,"roll":0.0,"steer":0.0,"supersonic":false,"throttle":0.0,"time":1000.672607421875,"v":[0.0,-2.1009998321533203,364.5595703125],"w":[0.0004099999787285924,0.00010999999358318746,0.0],"x":[-609.8200073242188,-2659.9091796875,141.17984008789063],"yaw":0.0},"ball":{"v":[0.0,0.0,0.0],"w":[0.0,0.0,0.0],"x":[0.0,0.0,92.73999786376953]}}
{"car":{"boost":false,"boost_left":39,"dodge_dir":[2.3512056226468525e-38,2.3510604481259484e-38],"dodge_timer":-1.0,"double_jumped":false,"handbrake":false,"jump":true,"jump_timer":-1.0,"jumped":true,"o":[0.025402629747986794,0.999677300453186,0.0002459878451190889,-0.9996303915977478,0.0254038218408823,-0.009679978713393211,-0.009683103300631046,-0.0,0.9999530911445618],"on_ground":false,"pitch":0.0,"roll":0.0,"steer":0.0,"supersonic":false,"throttle":0.0,"time":1000.6809692382813,"v":[0.0,-2.1009998321533203,359.13519287109375],"w":[0.0004099999787285924,0.00010999999358318746,0.0],"x":[-609.8200073242188,-2659.92919921875,144.17391967773438],"yaw":0.0},"ball":{"v":[0.0,0.0,0.0],"w":[0.0,0.0,0.0],"x":[0.0,0.0,92.73999786376953]}}
{"car":{"boost":false,"boost_left":39,"dodge_dir":[2.3512056226468525e-38,2.3510604481259484e-38],"dodge_timer":-1.0,"double_jumped":false,"handbrake":false,"jump":true,"jump_timer":-1.0,"jumped":true,"o":[0.025402629747986794,0.999677300453186,0.0002459878451190889,-0.9996303915977478,0.0254038218408823,-0.009679978713393211,-0.009683103300631046,-0.0,0.9999530911445618],"on_ground":false,"pitch":0.0,"roll":0.0,"steer":0.0,"supersonic":false,"throttle":0.0,"time":1000.6893310546875,"v":[0.0,-2.1009998321533203,353.7109680175781],"w":[0.0004099999787285924,0.00010999999358318746,0.0],"x":[-609.8200073242188,-2659.94921875,147.12747192382813],"yaw":0.0},"ball":{"v":[0.0,0.0,0.0],"w":[0.0,0.0,0.0],"x":[0.0,0.0,92.73999786376953]}}
{"car":{"boost":false,"boost_left":39,"dodge_dir":[2.3512056226468525e-38,2.3510604481259484e-38],"dodge_timer":-1.0,"double_jumped":false,"handbrake":false,"jump":true,"jump_timer":-1.0,"jumped":true,"o":[0.025402629747986794,0.999677300453186,0.0002459878451190889,-0.9996303915977478,0.0254038218408823,-0.009679978713393211,-0.009683103300631046,-0.0,0.9999530911445618],"on_ground":false,"pitch":0.0,"roll":0.0,"steer":0.0,"supersonic":false,"throttle":0.0,"time":1000.6976928710938,"v":[0.0,-2.1009998321533203,348.28680419921875],"w":[0.0004099999787285924,0.00010999999358318746,0.0],"x":[-609.8200073242188,-2659.96923828125,150.03128051757813],"yaw":0.0},"ball":{"v":[0.0,0.0,0.0],"w":[0.0,0.0,0.0],"x":[0.0,0.0,92.73999786376953]}}
{"car":{"boost":false,"boost_left":39,"dodge_dir":[2.3512056226468525e-38,2.3510604481259484e-38],"dodge_timer":-1.0,"double_jumped":false,"handbrake":false,"jump":true,"jump_timer":-1.0,"jumped":true,"o":[0.025402629747986794,0.999677300453186,0.0002459878451190889,-0.9996303915977478,0.0254038218408823,-0.009679978713393211,-0.009683103300631046,-0.0,0.9999530911445618],"on_ground":false,"pitch":0.0,"roll":0.0,"steer":0.0,"supersonic":false,"throttle":0.0,"time":1000.7060546875,"v":[0.0,-2.1009998321533203,342.8316345214844],"w":[0.0004099999787285924,0.00010999999358318746,0.0],"x":[-609.8200073242188,-2659.989501953125,152.9110565185547],"yaw":0.0},"ball":{"v":[0.0,0.0,0.0],"w":[0.0,0.0,0.0],"x":[0.0,0.0,92.73999786376953]}}
{"car":{"boost":false,"boost_left":39,"dodge_dir":[2.3512056226468525e-38,2.3510604481259484e-38],"dodge_timer":-1.0,"double_jumped":false,"handbrake":false,"jump":true,"jump_timer":-1.0,"jumped":true,"o":[0.025402629747986794,0.999677300453186,0.0002459878451190889,-0.9996303915977478,0.0254038218408823,-0.009679978713393211,-0.009683103300631046,-0.0,0.9999530911445618],"on_ground":false,"pitch":0.0,"roll":0.0,"steer":0.0,"supersonic":false,"throttle":0.0,"time":1000.7144165039063,"v":[0.0,-2.1009998321533203,337.39581298828125],"w":[0.0004099999787285924,0.00010999999358318746,0.0],"x":[-609.8200073242188,-2660.009521484375,155.73048400878906],"yaw":0.0},"ball":{"v":[0.0,0.0,0.0],"w":[0.0,0.0,0.0],"x":[0.0,0.0,92.73999786376953]}}
{"car":{"boost":false,"boost_left":39,"dodge_dir":[2.3512056226468525e-38,2.3510604481259484e-38],"dodge_timer":-1.0,"double_jumped":false,"handbrake":false,"jump":true,"jump_timer":-1.0,"jumped":true,"o":[0.025402629747986794,0.999677300453186,0.0002459878451190889,-0.9996303915977478,0.0254038218408823,-0.009679978713393211,-0.009683103300631046,-0.0,0.9999530911445618],"on_ground":false,"pitch":0.0,"roll":0.0,"steer":0.0,"supersonic":false,"throttle":0.0,"time":1000.7227783203125,"v":[0.0,-2.1009998321533203,331.9474792480469],"w":[0.0004099999787285924,0.00010999999358318746,0.0],"x":[-609.8200073242188,-2660.02978515625,158.51580810546875],"yaw":0.0},"ball":{"v":[0.0,0.0,0.0],"w":[0.0,0.0,0.0],"x":[0.0,0.0,92.73999786376953]}}
{"car":{"boost":false,"boost_left":39,"dodge_dir":[2.3512056226468525e-38,2.3510604481259484e-38],"dodge_timer":-1.0,"double_jumped":false,"handbrake":false,"jump":true,"jump_timer":-1.0,"jumped":true,"o":[0.025402629747986794,0.999677300453186,0.0002459878451190889,-0.9996303915977478,0.0254038218408823,-0.009679978713393211,-0.009683103300631046,-0.0,0.9999530911445618],"on_ground":false,"pitch":0.0,"roll":0.0,"steer":0.0,"supersonic":false,"throttle":0.0,"time":1000.7311401367188,"v":[0.0,-2.1009998321533203,326.5118408203125],"w":[0.0004099999787285924,0.00010999999358318746,0.0],"x":[-609.8200073242188,-2660.0498046875,161.2444610595703],"yaw":0.0},"ball":{"v":[0.0,0.0,0.0],"w":[0.0,0.0,0.0],"x":[0.0,0.0,92.73999786376953]}}
{"car":{"boost":false,"boost_left":39,"dodge_dir":[2.3512056226468525e-38,2.3510604481259484e-38],"dodge_timer":-1.0,"double_jumped":false,"handbrake":false,"jump":true,"jump_timer":-1.0,"jumped":true,"o":[0.025402629747986794,0.999677300453186,0.0002459878451190889,-0.9996303915977478,0.0254038218408823,-0.009679978713393211,-0.009683103300631046,-0.0,0.9999530911445618],"on_ground":false,"pitch":0.0,"roll":0.0,"steer":0.0,"supersonic":false,"throttle":0.0,"time":1000.739501953125,"v":[0.0,-2.1009998321533203,321.07135009765625],"w":[0.0004099999787285924,0.00010999999358318746,0.0],"x":[-609.8200073242188,-2660.069580078125,163.9351043701172],"yaw":0.0},"ball":{"v":[0.0,0.0,0.0],"w":[0.0,0.0,0.0],"x":[0.0,0.0,92.73999786376953]}}
{"car":{"boost":false,"boost_left":39,"dodge_dir":[2.3512056226468525e-38,2.3510604481259484e-38],"dodge_timer":-1.0,"double_jumped":false,"handbrake":false,"jump":true,"jump_timer":-1.0,"jumped":true,"o":[0.025402629747986794,0.999677300453186,0.0002459878451190889,-0.9996303915977478,0.0254038218408823,-0.009679978713393211,-0.009683103300631046,-0.0,0.9999530911445618],"on_ground":false,"pitch":0.0,"roll":0.0,"steer":0.0,"supersonic":false,"throttle":0.0,"time":1000.7478637695313,"v":[0.0,-2.1009998321533203,315.62384033203125],"w":[0.0004099999787285924,0.00010999999358318746,0.0],"x":[-609.8200073242188,-2660.08984375,166.57891845703125],"yaw":0.0},"ball":{"v":[0.0,0.0,0.0],"w":[0.0,0.0,0.0],"x":[0.0,0.0,92.73999786376953]}}
{"car":{"boost":false,"boost_left":39,"dodge_dir":[2.3512056226468525e-38,2.3510604481259484e-38],"dodge_timer":-1.0,"double_jumped":false,"handbrake":false,"jump":true,"jump_timer":-1.0,"jumped":true,"o":[0.025402629747986794,0.999677300453186,0.0002459878451190889,-0.9996303915977478,0.0254038218408823,-0.009679978713393211,-0.009683103300631046,-0.0,0.9999530911445618],"on_ground":false,"pitch":0.0,"roll":0.0,"steer":0.0,"supersonic":false,"throttle":0.0,"time":1000.7562255859375,"v":[0.0,-2.1009998321533203,310.1877746582031],"w":[0.0004099999787285924,0.00010999999358318746,0.0],"x":[-609.8200073242188,-2660.10986328125,169.16677856445313],"yaw":0.0},"ball":{"v":[0.0,0.0,0.0],"w":[0.0,0.0,0.0],"x":[0.0,0.0,92.73999786376953]}}
{"car":{"boost":false,"boost_left":39,"dodge_dir":[2.3512056226468525e-38,2.3510604481259484e-38],"dodge_timer":-1.0,"double_jumped":false,"handbrake":false,"jump":true,"jump_timer":-1.0,"jumped":true,"o":[0.025402629747986794,0.999677300453186,0.0002459878451190889,-0.9996303915977478,0.0254038218408823,-0.009679978713393211,-0.009683103300631046,-0.0,0.9999530911445618],"on_ground":false,"pitch":0.0,"roll":0.0,"steer":0.0,"supersonic":false,"throttle":0.0,"time":1000.7645874023438,"v":[0.0,-2.1009998321533203,304.7432556152344],"w":[0.0004099999787285924,0.00010999999358318746,0.0],"x":[-609.8200073242188,-2660.1298828125,171.7181396484375],"yaw":0.0},"ball":{"v":[0.0,0.0,0.0],"w":[0.0,0.0,0.0],"x":[0.0,0.0,92.73999786376953]}}
{"car":{"boost":false,"boost_left":39,"dodge_dir":[2.3512056226468525e-38,2.3510604481259484e-38],"dodge_timer":-1.0,"double_jumped":false,"handbrake":false,"jump":true,"jump_timer":-1.0,"jumped":true,"o":[0.025402629747986794,0.999677300453186,0.0002459878451190889,-0.9996303915977478,0.0254038218408823,-0.009679978713393211,-0.009683103300631046,-0.0,0.9999530911445618],"on_ground":false,"pitch":0.0,"roll":0.0,"steer":0.0,"supersonic":false,"throttle":0.0,"time":1000.7730712890625,"v":[0.0,-2.1009998321533203,299.3036193847656],"w":[0.0004099999787285924,0.00010999999358318746,0.0],"x":[-609.8200073242188,-2660.150146484375,174.21690368652344],"yaw":0.0},"ball":{"v":[0.0,0.0,0.0],"w":[0.0,0.0,0.0],"x":[0.0,0.0,92.73999786376953]}}
{"car":{"boost":false,"boost_left":39,"dodge_dir":[2.3512056226468525e-38,2.3510604481259484e-38],"dodge_timer":-1.0,"double_jumped":false,"handbrake":false,"jump":true,"jump_timer":-1.0,"jumped":true,"o":[0.025402629747986794,0.999677300453186,0.0002459878451190889,-0.9996303915977478,0.0254038218408823,-0.009679978713393211,-0.009683103300631046,-0.0,0.9999530911445618],"on_ground":false,"pitch":0.0,"roll":0.0,"steer":0.0,"supersonic":false,"throttle":0.0,"time":1000.7814331054688,"v":[0.0,-2.1009998321533203,293.7899169921875],"w":[0.0004099999787285924,0.00010999999358318746,0.0],"x":[-609.8200073242188,-2660.17041015625,176.70803833007813],"yaw":0.0},"ball":{"v":[0.0,0.0,0.0],"w":[0.0,0.0,0.0],"x":[0.0,0.0,92.73999786376953]}}
{"car":{"boost":false,"boost_left":39,"dodge_dir":[2.3512056226468525e-38,2.3510604481259484e-38],"dodge_timer":-1.0,"double_jumped":false,"handbrake":false,"jump":true,"jump_timer":-1.0,"jumped":true,"o":[0.025402629747986794,0.999677300453186,0.0002459878451190889,-0.9996303915977478,0.0254038218408823,-0.009679978713393211,-0.009683103300631046,-0.0,0.9999530911445618],"on_ground":false,"pitch":0.0,"roll":0.0,"steer":0.0,"supersonic":false,"throttle":0.0,"time":1000.789794921875,"v":[0.0,-2.1009998321533203,288.36492919921875],"w":[0.0004099999787285924,0.00010999999358318746,0.0],"x":[-609.8200073242188,-2660.1904296875,179.1092529296875],"yaw":0.0},"ball":{"v":[0.0,0.0,0.0],"w":[0.0,0.0,0.0],"x":[0.0,0.0,92.73999786376953]}}
{"car":{"boost":true,"boost_left":39,"dodge_dir":[2.3512056226468525e-38,2.3510604481259484e-38],"dodge_timer":-1.0,"double_jumped":false,"handbrake":false,"jump":true,"jump_timer":-1.0,"jumped":true,"o":[0.025402629747986794,0.999677300453186,0.0002459878451190889,-0.9996303915977478,0.0254038218408823,-0.009679978713393211,-0.009683103300631046,-0.0,0.9999530911445618],"on_ground":false,"pitch":0.0,"roll":0.0,"steer":0.0,"supersonic":false,"throttle":0.0,"time":1000.7981567382813,"v":[0.0,-2.1009998321533203,282.93994140625],"w":[0.0004099999787285924,0.00010999999358318746,0.0],"x":[-609.8200073242188,-2660.21044921875,181.47010803222656],"yaw":0.0},"ball":{"v":[0.0,0.0,0.0],"w":[0.0,0.0,0.0],"x":[0.0,0.0,92.73999786376953]}}
{"car":{"boost":true,"boost_left":39,"dodge_dir":[2.3512056226468525e-38,2.3510604481259484e-38],"dodge_timer":-1.0,"double_jumped":false,"handbrake":false,"jump":true,"jump_timer":-1.0,"jumped":true,"o":[0.025402629747986794,0.999677300453186,0.0002459878451190889,-0.9996303915977478,0.0254038218408823,-0.009679978713393211,-0.009683103300631046,-0.0,0.9999530911445618],"on_ground":false,"pitch":0.0,"roll":0.0,"steer":0.0,"supersonic":false,"throttle":0.0,"time":1000.8065185546875,"v":[0.005416331347078085,-2.3235814571380615,277.5128173828125],"w":[0.0004099999787285924,0.00010999999358318746,0.0],"x":[-609.8200073242188,-2660.232421875,183.7811737060547],"yaw":0.0},"ball":{"v":[0.0,0.0,0.0],"w":[0.0,0.0,0.0],"x":[0.0,0.0,92.73999786376953]}}
{"car":{"boost":true,"boost_left":39,"dodge_dir":[2.3512056226468525e-38,2.3510604481259484e-38],"dodge_timer":-1.0,"double_jumped":false,"handbrake":false,"jump":true,"jump_timer":-1.0,"jumped":true,"o":[0.025402629747986794,0.999677300453186,0.0002459878451190889,-0.9996303915977478,0.0254038218408823,-0.009679978713393211,-0.009683103300631046,-0.0,0.9999530911445618],"on_ground":false,"pitch":0.0,"roll":0.0,"steer":0.0,"supersonic":false,"throttle":0.0,"time":1000.81494140625,"v":[0.2076779007911682,-10.628419876098633,271.9937744140625],"w":[0.0004099999787285924,0.00010999999358318746,0.0],"x":[-609.8200073242188,-2660.32470703125,186.057373046875],"yaw":0.0},"ball":{"v":[0.0,0.0,0.0],"w":[0.0,0.0,0.0],"x":[0.0,0.0,92.73999786376953]}}
{"car":{"boost":true,"boost_left":39,"dodge_dir":[2.3512056226468525e-38,2.3510604481259484e-38],"dodge_timer":-1.0,"double_jumped":false,"handbrake":false,"jump":true,"jump_timer":-1.0,"jumped":true,"o":[0.025402629747986794,0.999677300453186,0.0002459878451190889,-0.9996303915977478,0.0254038218408823,-0.009679978713393211,-0.009683103300631046,-0.0,0.9999530911445618],"on_ground":false,"pitch":0.0,"roll":0.0,"steer":0.0,"supersonic":false,"throttle":0.0,"time":1000.8233642578125,"v":[0.4295293390750885,-19.512561798095703,266.4373779296875],"w":[0.0004099999787285924,0.00010999999358318746,0.0],"x":[-609.8196411132813,-2660.489013671875,188.2945098876953],"yaw":0.0},"ball":{"v":[0.0,0.0,0.0],"w":[0.0,0.0,0.0],"x":[0.0,0.0,92.73999786376953]}}
{"car":{"boost":true,"boost_left":39,"dodge_dir":[2.3512056226468525e-38,2.3510604481259484e-38],"dodge_timer":-1.0,"double_jumped":false,"handbrake":false,"jump":true,"jump_timer":-1.0,"jumped":true,"o":[0.025402629747986794,0.999677300453186,0.0002459878451190889,-0.9996303915977478,0.0254038218408823,-0.009679978713393211,-0.009683103300631046,-0.0,0.9999530911445618],"on_ground":false,"pitch":0.0,"roll":0.0,"steer":0.0,"supersonic":false,"throttle":0.0,"time":1000.8317260742188,"v":[0.65227872133255,-28.432661056518555,260.8585205078125],"w":[0.0004099999787285924,0.00010999999358318746,0.0],"x":[-609.8095092773438,-2660.725830078125,190.4991912841797],"yaw":0.0},"ball":{"v":[0.0,0.0,0.0],"w":[0.0,0.0,0.0],"x":[0.0,0.0,92.73999786376953]}}
{"car":{"boost":false,"boost_left":38,"dodge_dir":[2.3512056226468525e-38,2.3510604481259484e-38],"dodge_timer":-1.0,"double_jumped":false,"handbrake":false,"jump":true,"jump_timer":-1.0,"jumped":true,"o":[0.025402629747986794,0.999677300453186,0.0002459878451190889,-0.9996303915977478,0.0254038218408823,-0.009679978713393211,-0.009683103300631046,-0.0,0.9999530911445618],"on_ground":false,"pitch":0.0,"roll":0.0,"steer":0.0,"supersonic":false,"throttle":0.0,"time":1000.840087890625,"v":[0.8724976778030396,-37.251434326171875,255.34303283691406],"w":[0.0004099999787285924,0.00010999999358318746,0.0],"x":[-609.7994384765625,-2661.039794921875,192.62869262695313],"yaw":0.0},"ball":{"v":[0.0,0.0,0.0],"w":[0.0,0.0,0.0],"x":[0.0,0.0,92.73999786376953]}}
{"car":{"boost":false,"boost_left":38,"dodge_dir":[2.3512056226468525e-38,2.3510604481259484e-38],"dodge_timer":-1.0,"double_jumped":false,"handbrake":false,"jump":true,"jump_timer":-1.0,"jumped":true,"o":[0.025402629747986794,0.999677300453186,0.0002459878451190889,-0.9996303915977478,0.0254038218408823,-0.009679978713393211,-0.009683103300631046,-0.0,0.9999530911445618],"on_ground":false,"pitch":0.0,"roll":0.0,"steer":0.0,"supersonic":false,"throttle":0.0,"time":1000.8486328125,"v":[1.0932471752166748,-46.09144592285156,249.81427001953125],"w":[0.0004099999787285924,0.00010999999358318746,0.0],"x":[-609.7894287109375,-2661.425048828125,194.71356201171875],"yaw":0.0},"ball":{"v":[0.0,0.0,0.0],"w":[0.0,0.0,0.0],"x":[0.0,0.0,92.73999786376953]}}
{"car":{"boost":false,"boost_left":38,"dodge_dir":[2.3512056226468525e-38,2.3510604481259484e-38],"dodge_timer":-1.0,"double_jumped":false,"handbrake":false,"jump":true,"jump_timer":-1.0,"jumped":true,"o":[0.025402629747986794,0.999677300453186,0.0002459878451190889,-0.9996303915977478,0.0254038218408823,-0.009679978713393211,-0.009683103300631046,-0.0,0.9999530911445618],"on_ground":false,"pitch":0.0,"roll":0.0,"steer":0.0,"supersonic":false,"throttle":0.0,"time":1000.8569946289063,"v":[1.318135142326355,-55.09718322753906,244.18185424804688],"w":[0.0004099999787285924,0.00010999999358318746,0.0],"x":[-609.7791748046875,-2661.89111328125,196.7949981689453],"yaw":0.0},"ball":{"v":[0.0,0.0,0.0],"w":[0.0,0.0,0.0],"x":[0.0,0.0,92.73999786376953]}}
{"car":{"boost":false,"boost_left":38,"dodge_dir":[2.3512056226468525e-38,2.3510604481259484e-38],"dodge_timer":-1.0,"double_jumped":false,"handbrake":false,"jump":true,"jump_timer":-1.0,"jumped":true,"o":[0.025402629747986794,0.999677300453186,0.0002459878451190889,-0.9996303915977478,0.0254038218408823,-0.009679978713393211,-0.009683103300631046,-0.0,0.9999530911445618],"on_ground":false,"pitch":0.0,"roll":0.0,"steer":0.0,"supersonic":false,"throttle":0.0,"time":1000.8653564453125,"v":[1.5383623838424683,-63.91627883911133,238.66615295410156],"w":[0.0004099999787285924,0.00010999999358318746,0.0],"x":[-609.7691650390625,-2662.42724609375,198.7838897705078],"yaw":0.0},"ball":{"v":[0.0,0.0,0.0],"w":[0.0,0.0,0.0],"x":[0.0,0.0,92.73999786376953]}}
{"car":{"boost":false,"boost_left":37,"dodge_dir":[2.3512056226468525e-38,2.3510604481259484e-38],"dodge_timer":-1.0,"double_jumped":false,"handbrake":false,"jump":true,"jump_timer":-1.0,"jumped":true,"o":[0.025402629747986794,0.999677300453186,0.0002459878451190889,-0.9996303915977478,0.0254038218408823,-0.009679978713393211,-0.009683103300631046,-0.0,0.9999530911445618],"on_ground":false,"pitch":0.0,"roll":0.0,"steer":0.0,"supersonic":false,"throttle":0.0,"time":1000.8737182617188,"v":[1.758589506149292,-72.7353744506836,233.1504669189453],"w":[0.0004099999787285924,0.00010999999358318746,0.0],"x":[-609.7584228515625,-2663.033447265625,200.73190307617188],"yaw":0.0},"ball":{"v":[0.0,0.0,0.0],"w":[0.0,0.0,0.0],"x":[0.0,0.0,92.73999786376953]}}
{"car":{"boost":false,"boost_left":37,"dodge_dir":[2.3512056226468525e-38,2.3510604481259484e-38],"dodge_timer":-1.0,"double_jumped":false,"handbrake":false,"jump":true,"jump_timer":-1.0,"jumped":true,"o":[0.025402629747986794,0.999677300453186,0.0002459878451190889,-0.9996303915977478,0.0254038218408823,-0.009679978713393211,-0.009683103300631046,-0.0,0.9999530911445618],"on_ground":false,"pitch":0.0,"roll":0.0,"steer":0.0,"supersonic":false,"throttle":0.0,"time":1000.8905639648438,"v":[2.202145576477051,-90.4977798461914,222.04139709472656],"w":[0.0004099999787285924,0.00010999999358318746,0.0],"x":[-609.7180786132813,-2664.478759765625,204.50396728515625],"yaw":0.0},"ball":{"v":[0.0,0.0,0.0],"w":[0.0,0.0,0.0],"x":[0.0,0.0,92.73999786376953]}}
{"car":{"boost":false,"boost_left":36,"dodge_dir":[2.3512056226468525e-38,2.3510604481259484e-38],"dodge_timer":-1.0,"double_jumped":false,"handbrake":false,"jump":true,"jump_timer":-1.0,"jumped":true,"o":[0.025402629747986794,0.999677300453186,0.0002459878451190889,-0.9996303915977478,0.0254038218408823,-0.009679978713393211,-0.009683103300631046,-0.0,0.9999530911445618],"on_ground":false,"pitch":0.0,"roll":0.0,"steer":0.0,"supersonic":false,"throttle":0.0,"time":1000.89892578125,"v":[2.422372341156006,-99.31687927246094,216.5257110595703],"w":[0.0004099999787285924,0.00010999999358318746,0.0],"x":[-609.6980590820313,-2665.306396484375,206.31097412109375],"yaw":0.0},"ball":{"v":[0.0,0.0,0.0],"w":[0.0,0.0,0.0],"x":[0.0,0.0,92.73999786376953]}}
{"car":{"boost":false,"boost_left":36,"dodge_dir":[2.3512056226468525e-38,2.3510604481259484e-38],"dodge_timer":-1.0,"double_jumped":false,"handbrake":false,"jump":true,"jump_timer":-1.0,"jumped":true,"o":[0.025402629747986794,0.999677300453186,0.0002459878451190889,-0.9996303915977478,0.0254038218408823,-0.009679978713393211,-0.009683103300631046,-0.0,0.9999530911445618],"on_ground":false,"pitch":0.0,"roll":0.0,"steer":0.0,"supersonic":false,"throttle":0.0,"time":1000.9072875976563,"v":[2.621981620788574,-107.32499694824219,211.0178680419922],"w":[0.0004099999787285924,0.00010999999358318746,0.0],"x":[-609.6780395507813,-2666.1982421875,208.06886291503906],"yaw":0.0},"ball":{"v":[0.0,0.0,0.0],"w":[0.0,0.0,0.0],"x":[0.0,0.0,92.73999786376953]}}
{"car":{"boost":false,"boost_left":36,"dodge_dir":[2.3512056226468525e-38,2.3510604481259484e-38],"dodge_timer":-1.0,"double_jumped":false,"handbrake":false,"jump":true,"jump_timer":-1.0,"jumped":true,"o":[0.025402629747986794,0.999677300453186,0.0002459878451190889,-0.9996303915977478,0.0254038218408823,-0.009679978713393211,-0.009683103300631046,-0.0,0.9999530911445618],"on_ground":false,"pitch":0.0,"roll":0.0,"steer":0.0,"supersonic":false,"throttle":0.0,"time":1000.9156494140625,"v":[2.630999803543091,-107.82099914550781,205.58326721191406],"w":[0.0004099999787285924,0.00010999999358318746,0.0],"x":[-609.6580200195313,-2667.099365234375,209.78567504882813],"yaw":0.0},"ball":{"v":[0.0,0.0,0.0],"w":[0.0,0.0,0.0],"x":[0.0,0.0,92.73999786376953]}}
{"car":{"boost":false,"boost_left":36,"dodge_dir":[2.3512056226468525e-38,2.3510604481259484e-38],"dodge_timer":-1.0,"double_jumped":false,"handbrake":false,"jump":true,"jump_timer":-1.0,"jumped":true,"o":[0.025402629747986794,0.999677300453186,0.0002459878451190889,-0.9996303915977478,0.0254038218408823,-0.009679978713393211,-0.009683103300631046,-0.0,0.9999530911445618],"on_ground":false,"pitch":0.0,"roll":0.0,"steer":0.0,"supersonic":false,"throttle":0.0,"time":1000.9240112304688,"v":[2.630999803543091,-107.82099914550781,200.14279174804688],"w":[0.0004099999787285924,0.00010999999358318746,0.0],"x":[-609.637939453125,-2668.002685546875,211.45787048339844],"yaw":0.0},"ball":{"v":[0.0,0.0,0.0],"w":[0.0,0.0,0.0],"x":[0.0,0.0,92.73999786376953]}}
{"car":{"boost":false,"boost_left":36,"dodge_dir":[2.3512056226468525e-38,2.3510604481259484e-38],"dodge_timer":-1.0,"double_jumped":false,"handbrake":false,"jump":true,"jump_timer":-1.0,"jumped":true,"o":[0.025402629747986794,0.999677300453186,0.0002459878451190889,-0.9996303915977478,0.0254038218408823,-0.009679978713393211,-0.009683103300631046,-0.0,0.9999530911445618],"on_ground":false,"pitch":0.0,"roll":0.0,"steer":0.0,"supersonic":false,"throttle":0.0,"time":1000.9325561523438,"v":[2.630999803543091,-107.82099914550781,194.7027130126953],"w":[0.0004099999787285924,0.00010999999358318746,0.0],"x":[-609.6178588867188,-2668.906005859375,213.0885772705078],"yaw":0.0},"ball":{"v":[0.0,0.0,0.0],"w":[0.0,0.0,0.0],"x":[0.0,0.0,92.73999786376953]}}
{"car":{"boost":false,"boost_left":36,"dodge_dir":[2.3512056226468525e-38,2.3510604481259484e-38],"dodge_timer":-1.0,"double_jumped":false,"handbrake":false,"jump":true,"jump_timer":-1.0,"jumped":true,"o":[0.025402629747986794,0.999677300453186,0.0002459878451190889,-0.9996303915977478,0.0254038218408823,-0.009679978713393211,-0.009683103300631046,-0.0,0.9999530911445618],"on_ground":false,"pitch":0.0,"roll":0.0,"steer":0.0,"supersonic":false,"throttle":0.0,"time":1000.94091796875,"v":[2.630999803543091,-107.82099914550781,189.15444946289063],"w":[0.0004099999787285924,0.00010999999358318746,0.0],"x":[-609.5973510742188,-2669.827392578125,214.7007598876953],"yaw":0.0},"ball":{"v":[0.0,0.0,0.0],"w":[0.0,0.0,0.0],"x":[0.0,0.0,92.73999786376953]}}
{"car":{"boost":false,"boost_left":36,"dodge_dir":[2.3512056226468525e-38,2.3510604481259484e-38],"dodge_timer":-1.0,"double_jumped":false,"handbrake":false,"jump":true,"jump_timer":-1.0,"jumped":true,"o":[0.025402629747986794,0.999677300453186,0.0002459878451190889,-0.9996303915977478,0.0254038218408823,-0.009679978713393211,-0.009683103300631046,-0.0,0.9999530911445618],"on_ground":false,"pitch":0.0,"roll":0.0,"steer":0.0,"supersonic":false,"throttle":0.0,"time":1000.9492797851563,"v":[2.630999803543091,-107.82099914550781,183.72865295410156],"w":[0.0004099999787285924,0.00010999999358318746,0.0],"x":[-609.5773315429688,-2670.728271484375,216.23582458496094],"yaw":0.0},"ball":{"v":[0.0,0.0,0.0],"w":[0.0,0.0,0.0],"x":[0.0,0.0,92.73999786376953]}}
{"car":{"boost":false,"boost_left":36,"dodge_dir":[2.3512056226468525e-38,2.3510604481259484e-38],"dodge_timer":-1.0,"double_jumped":false,"handbrake":false,"jump":true,"jump_timer":-1.0,"jumped":true,"o":[0.025402629747986794,0.999677300453186,0.0002459878451190889,-0.9996303915977478,0.0254038218408823,-0.009679978713393211,-0.009683103300631046,-0.0,0.9999530911445618],"on_ground":false,"pitch":0.0,"roll":0.0,"steer":0.0,"supersonic":false,"throttle":0.0,"time":1000.9576416015625,"v":[2.630999803543091,-107.82099914550781,178.3030548095703],"w":[0.0004099999787285924,0.00010999999358318746,0.0],"x":[-609.557373046875,-2671.629150390625,217.72207641601563],"yaw":0.0},"ball":{"v":[0.0,0.0,0.0],"w":[0.0,0.0,0.0],"x":[0.0,0.0,92.73999786376953]}}
{"car":{"boost":false,"boost_left":36,"dodge_dir":[2.3512056226468525e-38,2.3510604481259484e-38],"dodge_timer":-1.0,"double_jumped":false,"handbrake":false,"jump":true,"jump_timer":-1.0,"jumped":true,"o":[0.025402629747986794,0.999677300453186,0.0002459878451190889,-0.9996303915977478,0.0254038218408823,-0.009679978713393211,-0.009683103300631046,-0.0,0.9999530911445618],"on_ground":false,"pitch":0.0,"roll":0.0,"steer":0.0,"supersonic":false,"throttle":0.0,"time":1000.9660034179688,"v":[2.630999803543091,-107.82099914550781,172.87765502929688],"w":[0.0004099999787285924,0.00010999999358318746,0.0],"x":[-609.5372924804688,-2672.530029296875,219.16683959960938],"yaw":0.0},"ball":{"v":[0.0,0.0,0.0],"w":[0.0,0.0,0.0],"x":[0.0,0.0,92.73999786376953]}}
{"car":{"boost":false,"boost_left":36,"dodge_dir":[2.3512056226468525e-38,2.3510604481259484e-38],"dodge_timer":-1.0,"double_jumped":false,"handbrake":false,"jump":true,"jump_timer":-1.0,"jumped":true,"o":[0.025402629747986794,0.999677300453186,0.0002459878451190889,-0.9996303915977478,0.0254038218408823,-0.009679978713393211,-0.009683103300631046,-0.0,0.9999530911445618],"on_ground":false,"pitch":0.0,"roll":0.0,"steer":0.0,"supersonic":false,"throttle":0.0,"time":1000.974365234375,"v":[2.630999803543091,-107.82099914550781,167.4524688720703],"w":[0.0004099999787285924,0.00010999999358318746,0.0],"x":[-609.5172729492188,-2673.430908203125,220.5627899169922],"yaw":0.0},"ball":{"v":[0.0,0.0,0.0],"w":[0.0,0.0,0.0],"x":[0.0,0.0,92.73999786376953]}}
{"car":{"boost":false,"boost_left":36,"dodge_dir":[2.3512056226468525e-38,2.3510604481259484e-38],"dodge_timer":-1.0,"double_jumped":false,"handbrake":false,"jump":true,"jump_timer":-1.0,"jumped":true,"o":[0.025402629747986794,0.999677300453186,0.0002459878451190889,-0.9996303915977478,0.0254038218408823,-0.009679978713393211,-0.009683103300631046,-0.0,0.9999530911445618],"on_ground":false,"pitch":0.0,"roll":0.0,"steer":0.0,"supersonic":false,"throttle":0.0,"time":1000.9827270507813,"v":[2.630999803543091,-107.82099914550781,162.0272674560547],"w":[0.0004099999787285924,0.00010999999358318746,0.0],"x":[-609.497314453125,-2674.331787109375,221.91732788085938],"yaw":0.0},"ball":{"v":[0.0,0.0,0.0],"w":[0.0,0.0,0.0],"x":[0.0,0.0,92.73999786376953]}}
{"car":{"boost":false,"boost_left":36,"dodge_dir":[2.3512056226468525e-38,2.3510604481259484e-38],"dodge_timer":-1.0,"double_jumped":false,"handbrake":false,"jump":true,"jump_timer":-1.0,"jumped":true,"o":[0.025402629747986794,0.999677300453186,0.0002459878451190889,-0.9996303915977478,0.0254038218408823,-0.009679978713393211,-0.009683103300631046,-0.0,0.9999530911445618],"on_ground":false,"pitch":0.0,"roll":0.0,"steer":0.0,"supersonic":false,"throttle":0.0,"time":1000.9912109375,"v":[2.630999803543091,-107.82099914550781,156.60208129882813],"w":[0.0004099999787285924,0.00010999999358318746,0.0],"x":[-609.4772338867188,-2675.232666015625,223.22312927246094],"yaw":0.0},"ball":{"v":[0.0,0.0,0.0],"w":[0.0,0.0,0.0],"x":[0.0,0.0,92.73999786376953]}}
{"car":{"boost":false,"boost_left":36,"dodge_dir":[2.3512056226468525e-38,2.3510604481259484e-38],"dodge_timer":-1.0,"double_jumped":false,"handbrake":false,"jump":true,"jump_timer":-1.0,"jumped":true,"o":[0.025402629747986794,0.999677300453186,0.0002459878451190889,-0.9996303915977478,0.0254038218408823,-0.009679978713393211,-0.009683103300631046,-0.0,0.9999530911445618],"on_ground":false,"pitch":0.0,"roll":0.0,"steer":0.0,"supersonic":false,"throttle":0.0,"time":1001.0079345703125,"v":[2.630999803543091,-107.82099914550781,145.6646270751953],"w":[0.0004099999787285924,0.00010999999358318746,0.0],"x":[-609.4368896484375,-2677.048828125,225.7220916748047],"yaw":0.0},"ball":{"v":[0.0,0.0,0.0],"w":[0.0,0.0,0.0],"x":[0.0,0.0,92.73999786376953]}}
