{"car":{"boost":false,"boost_left":89,"dodge_dir":[2.3512056226468525e-38,2.3510604481259484e-38],"dodge_timer":-1.0,"double_jumped":false,"handbrake":false,"jump":true,"jump_timer":-1.0,"jumped":true,"o":[0.949664831161499,-0.3131354749202728,0.0091050760820508,0.31312108039855957,0.9497084617614746,0.00300210271961987,-0.009587232954800129,-0.0,0.9999540448188782],"on_ground":false,"pitch":0.0,"roll":0.0,"steer":0.0,"supersonic":false,"throttle":0.0,"time":953.7575073242188,"v":[2.0149383544921875,0.5557104349136353,441.81103515625],"w":[-0.00030999997397884727,0.0004099999787285924,0.0],"x":[-2533.91015625,485.29998779296875,89.02919006347656],"yaw":0.0},"ball":{"v":[0.0,0.0,0.0],"w":[0.0,0.0,0.0],"x":[0.0,0.0,92.73999786376953]}}
{"car":{"boost":false,"boost_left":89,"dodge_dir":[2.3512056226468525e-38,2.3510604481259484e-38],"dodge_timer":-1.0,"double_jumped":false,"handbrake":false,"jump":true,"jump_timer":-1.0,"jumped":true,"o":[0.949664831161499,-0.3131354749202728,0.0091050760820508,0.31312108039855957,0.9497084617614746,0.00300210271961987,-0.009587232954800129,-0.0,0.9999540448188782],"on_ground":false,"pitch":0.0,"roll":0.0,"steer":0.0,"supersonic":false,"throttle":0.0,"time":953.765869140625,"v":[2.07099986076355,0.5709999799728394,442.55157470703125],"w":[-0.00030999997397884727,0.0004099999787285924,0.0],"x":[-2533.889892578125,485.29998779296875,92.7410659790039],"yaw":0.0},"ball":{"v":[0.0,0.0,0.0],"w":[0.0,0.0,0.0],"x":[0.0,0.0,92.73999786376953]}}
{"car":{"boost":false,"boost_left":89,"dodge_dir":[2.3512056226468525e-38,2.3510604481259484e-38],"dodge_timer":-1.0,"double_jumped":false,"handbrake":false,"jump":true,"jump_timer":-1.0,"jumped":true,"o":[0.949664831161499,-0.3131354749202728,0.0091050760820508,0.31312108039855957,0.9497084617614746,0.00300210271961987,-0.009587232954800129,-0.0,0.9999540448188782],"on_ground":false,"pitch":0.0,"roll":0.0,"steer":0.0,"supersonic":false,"throttle":0.0,"time":953.7742309570313,"v":[2.07099986076355,0.5709999799728394,437.0942077636719],"w":[-0.00030999997397884727,0.0004099999787285924,0.0],"x":[-2533.869873046875,485.29998779296875,96.41121673583984],"yaw":0.0},"ball":{"v":[0.0,0.0,0.0],"w":[0.0,0.0,0.0],"x":[0.0,0.0,92.73999786376953]}}
{"car":{"boost":false,"boost_left":89,"dodge_dir":[2.3512056226468525e-38,2.3510604481259484e-38],"dodge_timer":-1.0,"double_jumped":false,"handbrake":false,"jump":true,"jump_timer":-1.0,"jumped":true,"o":[0.949664831161499,-0.3131354749202728,0.0091050760820508,0.31312108039855957,0.9497084617614746,0.00300210271961987,-0.009587232954800129,-0.0,0.9999540448188782],"on_ground":false,"pitch":0.0,"roll":0.0,"steer":0.0,"supersonic":false,"throttle":0.0,"time":953.7825927734375,"v":[2.07099986076355,0.5709999799728394,431.64166259765625],"w":[-0.00030999997397884727,0.0004099999787285924,0.0],"x":[-2533.849609375,485.29998779296875,100.02749633789063],"yaw":0.0},"ball":{"v":[0.0,0.0,0.0],"w":[0.0,0.0,0.0],"x":[0.0,0.0,92.73999786376953]}}
{"car":{"boost":false,"boost_left":89,"dodge_dir":[2.3512056226468525e-38,2.3510604481259484e-38],"dodge_timer":-1.0,"double_jumped":false,"handbrake":false,"jump":true,"jump_timer":-1.0,"jumped":true,"o":[0.949664831161499,-0.3131354749202728,0.0091050760820508,0.31312108039855957,0.9497084617614746,0.00300210271961987,-0.009587232954800129,-0.0,0.9999540448188782],"on_ground":false,"pitch":0.0,"roll":0.0,"steer":0.0,"supersonic":false,"throttle":0.0,"time":953.7909545898438,"v":[2.07099986076355,0.5709999799728394,426.2144470214844],"w":[-0.00030999997397884727,0.0004099999787285924,0.0],"x":[-2533.82958984375,485.29998779296875,103.58182525634766],"yaw":0.0},"ball":{"v":[0.0,0.0,0.0],"w":[0.0,0.0,0.0],"x":[0.0,0.0,92.73999786376953]}}
{"car":{"boost":false,"boost_left":89,"dodge_dir":[2.3512056226468525e-38,2.3510604481259484e-38],"dodge_timer":-1.0,"double_jumped":false,"handbrake":false,"jump":true,"jump_timer":-1.0,"jumped":true,"o":[0.949664831161499,-0.3131354749202728,0.0091050760820508,0.31312108039855957,0.9497084617614746,0.00300210271961987,-0.009587232954800129,-0.0,0.9999540448188782],"on_ground":false,"pitch":0.0,"roll":0.0,"steer":0.0,"supersonic":false,"throttle":0.0,"time":953.79931640625,"v":[2.07099986076355,0.5709999799728394,420.7677307128906],"w":[-0.00030999997397884727,0.0004099999787285924,0.0],"x":[-2533.8095703125,485.29998779296875,107.10345458984375],"yaw":0.0},"ball":{"v":[0.0,0.0,0.0],"w":[0.0,0.0,0.0],"x":[0.0,0.0,92.73999786376953]}}
{"car":{"boost":false,"boost_left":89,"dodge_dir":[2.3512056226468525e-38,2.3510604481259484e-38],"dodge_timer":-1.0,"double_jumped":false,"handbrake":false,"jump":true,"jump_timer":-1.0,"jumped":true,"o":[0.949664831161499,-0.3131354749202728,0.0091050760820508,0.31312108039855957,0.9497084617614746,0.00300210271961987,-0.009587232954800129,-0.0,0.9999540448188782],"on_ground":false,"pitch":0.0,"roll":0.0,"steer":0.0,"supersonic":false,"throttle":0.0,"time":953.8076782226563,"v":[2.07099986076355,0.5709999799728394,415.3288879394531],"w":[-0.00030999997397884727,0.0004099999787285924,0.0],"x":[-2533.78955078125,485.29998779296875,110.57481384277344],"yaw":0.0},"ball":{"v":[0.0,0.0,0.0],"w":[0.0,0.0,0.0],"x":[0.0,0.0,92.73999786376953]}}
{"car":{"boost":false,"boost_left":89,"dodge_dir":[2.3512056226468525e-38,2.3510604481259484e-38],"dodge_timer":-1.0,"double_jumped":false,"handbrake":false,"jump":true,"jump_timer":-1.0,"jumped":true,"o":[0.949664831161499,-0.3131354749202728,0.0091050760820508,0.31312108039855957,0.9497084617614746,0.00300210271961987,-0.009587232954800129,-0.0,0.9999540448188782],"on_ground":false,"pitch":0.0,"roll":0.0,"steer":0.0,"supersonic":false,"throttle":0.0,"time":953.816162109375,"v":[2.07099986076355,0.5709999799728394,409.8934326171875],"w":[-0.00030999997397884727,0.0004099999787285924,0.0],"x":[-2533.76953125,485.29998779296875,113.99853515625],"yaw":0.0},"ball":{"v":[0.0,0.0,0.0],"w":[0.0,0.0,0.0],"x":[0.0,0.0,92.73999786376953]}}
{"car":{"boost":false,"boost_left":89,"dodge_dir":[2.3512056226468525e-38,2.3510604481259484e-38],"dodge_timer":-1.0,"double_jumped":false,"handbrake":false,"jump":true,"jump_timer":-1.0,"jumped":true,"o":[0.949664831161499,-0.3131354749202728,0.0091050760820508,0.31312108039855957,0.9497084617614746,0.00300210271961987,-0.009587232954800129,-0.0,0.9999540448188782],"on_ground":false,"pitch":0.0,"roll":0.0,"steer":0.0,"supersonic":false,"throttle":0.0,"time":953.8245239257813,"v":[2.07099986076355,0.5709999799728394,404.3827819824219],"w":[-0.00030999997397884727,0.0004099999787285924,0.0],"x":[-2533.749267578125,485.29998779296875,117.42369842529297],"yaw":0.0},"ball":{"v":[0.0,0.0,0.0],"w":[0.0,0.0,0.0],"x":[0.0,0.0,92.73999786376953]}}
{"car":{"boost":false,"boost_left":89,"dodge_dir":[2.3512056226468525e-38,2.3510604481259484e-38],"dodge_timer":-1.0,"double_jumped":false,"handbrake":false,"jump":true,"jump_timer":-1.0,"jumped":true,"o":[0.949664831161499,-0.3131354749202728,0.0091050760820508,0.31312108039855957,0.9497084617614746,0.00300210271961987,-0.009587232954800129,-0.0,0.9999540448188782],"on_ground":false,"pitch":0.0,"roll":0.0,"steer":0.0,"supersonic":false,"throttle":0.0,"time":953.8328857421875,"v":[2.07099986076355,0.5709999799728394,398.957763671875],"w":[-0.00030999997397884727,0.0004099999787285924,0.0],"x":[-2533.729248046875,485.29998779296875,120.74981689453125],"yaw":0.0},"ball":{"v":[0.0,0.0,0.0],"w":[0.0,0.0,0.0],"x":[0.0,0.0,92.73999786376953]}}
{"car":{"boost":false,"boost_left":89,"dodge_dir":[2.3512056226468525e-38,2.3510604481259484e-38],"dodge_timer":-1.0,"double_jumped":false,"handbrake":false,"jump":true,"jump_timer":-1.0,"jumped":true,"o":[0.949664831161499,-0.3131354749202728,0.0091050760820508,0.31312108039855957,0.9497084617614746,0.00300210271961987,-0.009587232954800129,-0.0,0.9999540448188782],"on_ground":false,"pitch":0.0,"roll":0.0,"steer":0.0,"supersonic":false,"throttle":0.0,"time":953.8412475585938,"v":[2.07099986076355,0.5709999799728394,393.53277587890625],"w":[-0.00030999997397884727,0.0004099999787285924,0.0],"x":[-2533.709228515625,485.29998779296875,124.03125],"yaw":0.0},"ball":{"v":[0.0,0.0,0.0],"w":[0.0,0.0,0.0],"x":[0.0,0.0,92.73999786376953]}}
{"car":{"boost":false,"boost_left":89,"dodge_dir":[2.3512056226468525e-38,2.3510604481259484e-38],"dodge_timer":-1.0,"double_jumped":false,"handbrake":false,"jump":true,"jump_timer":-1.0,"jumped":true,"o":[0.949664831161499,-0.3131354749202728,0.0091050760820508,0.31312108039855957,0.9497084617614746,0.00300210271961987,-0.009587232954800129,-0.0,0.9999540448188782],"on_ground":false,"pitch":0.0,"roll":0.0,"steer":0.0,"supersonic":false,"throttle":0.0,"time":953.849609375,"v":[2.07099986076355,0.5709999799728394,388.1077880859375],"w":[-0.00030999997397884727,0.0004099999787285924,0.0],"x":[-2533.689208984375,485.29998779296875,127.26719665527344],"yaw":0.0},"ball":{"v":[0.0,0.0,0.0],"w":[0.0,0.0,0.0],"x":[0.0,0.0,92.73999786376953]}}
{"car":{"boost":false,"boost_left":89,"dodge_dir":[2.3512056226468525e-38,2.3510604481259484e-38],"dodge_timer":-1.0,"double_jumped":false,"handbrake":false,"jump":true,"jump_timer":-1.0,"jumped":true,"o":[0.949664831161499,-0.3131354749202728,0.0091050760820508,0.31312108039855957,0.9497084617614746,0.00300210271961987,-0.009587232954800129,-0.0,0.9999540448188782],"on_ground":false,"pitch":0.0,"roll":0.0,"steer":0.0,"supersonic":false,"throttle":0.0,"time":953.8579711914063,"v":[2.07099986076355,0.5709999799728394,382.6765441894531],"w":[-0.00030999997397884727,0.0004099999787285924,0.0],"x":[-2533.6689453125,485.29998779296875,130.4621124267578],"yaw":0.0},"ball":{"v":[0.0,0.0,0.0],"w":[0.0,0.0,0.0],"x":[0.0,0.0,92.73999786376953]}}
{"car":{"boost":false,"boost_left":89,"dodge_dir":[2.3512056226468525e-38,2.3510604481259484e-38],"dodge_timer":-1.0,"double_jumped":false,"handbrake":false,"jump":true,"jump_timer":-1.0,"jumped":true,"o":[0.949664831161499,-0.3131354749202728,0.0091050760820508,0.31312108039855957,0.9497084617614746,0.00300210271961987,-0.009587232954800129,-0.0,0.9999540448188782],"on_ground":false,"pitch":0.0,"roll":0.0,"steer":0.0,"supersonic":false,"throttle":0.0,"time":953.8663330078125,"v":[2.07099986076355,0.5709999799728394,377.2234191894531],"w":[-0.00030999997397884727,0.0004099999787285924,0.0],"x":[-2533.64892578125,485.29998779296875,133.62403869628906],"yaw":0.0},"ball":{"v":[0.0,0.0,0.0],"w":[0.0,0.0,0.0],"x":[0.0,0.0,92.73999786376953]}}
{"car":{"boost":false,"boost_left":89,"dodge_dir":[2.3512056226468525e-38,2.3510604481259484e-38],"dodge_timer":-1.0,"double_jumped":false,"handbrake":false,"jump":true,"jump_timer":-1.0,"jumped":true,"o":[0.949664831161499,-0.3131354749202728,0.0091050760820508,0.31312108039855957,0.9497084617614746,0.00300210271961987,-0.009587232954800129,-0.0,0.9999540448188782],"on_ground":false,"pitch":0.0,"roll":0.0,"steer":0.0,"supersonic":false,"throttle":0.0,"time":953.8746948242188,"v":[2.07099986076355,0.5709999799728394,371.7777099609375],"w":[-0.00030999997397884727,0.0004099999787285924,0.0],"x":[-2533.62890625,485.29998779296875,136.73666381835938],"yaw":0.0},"ball":{"v":[0.0,0.0,0.0],"w":[0.0,0.0,0.0],"x":[0.0,0.0,92.73999786376953]}}
{"car":{"boost":false,"boost_left":89,"dodge_dir":[2.3512056226468525e-38,2.3510604481259484e-38],"dodge_timer":-1.0,"double_jumped":false,"handbrake":false,"jump":true,"jump_timer":-1.0,"jumped":true,"o":[0.949664831161499,-0.3131354749202728,0.0091050760820508,0.31312108039855957,0.9497084617614746,0.00300210271961987,-0.009587232954800129,-0.0,0.9999540448188782],"on_ground":false,"pitch":0.0,"roll":0.0,"steer":0.0,"supersonic":false,"throttle":0.0,"time":953.8831176757813,"v":[2.07099986076355,0.5709999799728394,366.33221435546875],"w":[-0.00030999997397884727,0.0004099999787285924,0.0],"x":[-2533.608642578125,485.29998779296875,139.80322265625],"yaw":0.0},"ball":{"v":[0.0,0.0,0.0],"w":[0.0,0.0,0.0],"x":[0.0,0.0,92.73999786376953]}}
{"car":{"boost":false,"boost_left":89,"dodge_dir":[2.3512056226468525e-38,2.3510604481259484e-38],"dodge_timer":-1.0,"double_jumped":false,"handbrake":false,"jump":true,"jump_timer":-1.0,"jumped":true,"o":[0.949664831161499,-0.3131354749202728,0.0091050760820508,0.31312108039855957,0.9497084617614746,0.00300210271961987,-0.009587232954800129,-0.0,0.9999540448188782],"on_ground":false,"pitch":0.0,"roll":0.0,"steer":0.0,"supersonic":false,"throttle":0.0,"time":953.8914794921875,"v":[2.07099986076355,0.5709999799728394,360.8728332519531],"w":[-0.00030999997397884727,0.0004099999787285924,0.0],"x":[-2533.588623046875,485.29998779296875,142.83258056640625],"yaw":0.0},"ball":{"v":[0.0,0.0,0.0],"w":[0.0,0.0,0.0],"x":[0.0,0.0,92.73999786376953]}}
{"car":{"boost":false,"boost_left":89,"dodge_dir":[2.3512056226468525e-38,2.3510604481259484e-38],"dodge_timer":-1.0,"double_jumped":false,"handbrake":false,"jump":true,"jump_timer":-1.0,"jumped":true,"o":[0.949664831161499,-0.3131354749202728,0.0091050760820508,0.31312108039855957,0.9497084617614746,0.00300210271961987,-0.009587232954800129,-0.0,0.9999540448188782],"on_ground":false,"pitch":0.0,"roll":0.0,"steer":0.0,"supersonic":false,"throttle":0.0,"time":953.89990234375,"v":[2.07099986076355,0.5709999799728394,355.4349670410156],"w":[-0.00030999997397884727,0.0004099999787285924,0.0],"x":[-2533.568603515625,485.29998779296875,145.80397033691406],"yaw":0.0},"ball":{"v":[0.0,0.0,0.0],"w":[0.0,0.0,0.0],"x":[0.0,0.0,92.73999786376953]}}
{"car":{"boost":false,"boost_left":89,"dodge_dir":[2.3512056226468525e-38,2.3510604481259484e-38],"dodge_timer":-1.0,"double_jumped":false,"handbrake":false,"jump":true,"jump_timer":-1.0,"jumped":true,"o":[0.949664831161499,-0.3131354749202728,0.0091050760820508,0.31312108039855957,0.9497084617614746,0.00300210271961987,-0.009587232954800129,-0.0,0.9999540448188782],"on_ground":false,"pitch":0.0,"roll":0.0,"steer":0.0,"supersonic":false,"throttle":0.0,"time":953.9082641601563,"v":[2.07099986076355,0.5709999799728394,349.9671325683594],"w":[-0.00030999997397884727,0.0004099999787285924,0.0],"x":[-2533.548583984375,485.29998779296875,148.74679565429688],"yaw":0.0},"ball":{"v":[0.0,0.0,0.0],"w":[0.0,0.0,0.0],"x":[0.0,0.0,92.73999786376953]}}
{"car":{"boost":false,"boost_left":89,"dodge_dir":[2.3512056226468525e-38,2.3510604481259484e-38],"dodge_timer":-1.0,"double_jumped":false,"handbrake":false,"jump":true,"jump_timer":-1.0,"jumped":true,"o":[0.949664831161499,-0.3131354749202728,0.0091050760820508,0.31312108039855957,0.9497084617614746,0.00300210271961987,-0.009587232954800129,-0.0,0.9999540448188782],"on_ground":false,"pitch":0.0,"roll":0.0,"steer":0.0,"supersonic":false,"throttle":0.0,"time":953.9166870117188,"v":[2.07099986076355,0.5709999799728394,344.522216796875],"w":[-0.00030999997397884727,0.0004099999787285924,0.0],"x":[-2533.5283203125,485.29998779296875,151.63096618652344],"yaw":0.0},"ball":{"v":[0.0,0.0,0.0],"w":[0.0,0.0,0.0],"x":[0.0,0.0,92.73999786376953]}}
{"car":{"boost":false,"boost_left":89,"dodge_dir":[2.3512056226468525e-38,2.3510604481259484e-38],"dodge_timer":-1.0,"double_jumped":false,"handbrake":false,"jump":true,"jump_timer":-1.0,"jumped":true,"o":[0.949664831161499,-0.3131354749202728,0.0091050760820508,0.31312108039855957,0.9497084617614746,0.00300210271961987,-0.009587232954800129,-0.0,0.9999540448188782],"on_ground":false,"pitch":0.0,"roll":0.0,"steer":0.0,"supersonic":false,"throttle":0.0,"time":953.9251708984375,"v":[2.07099986076355,0.5709999799728394,339.0626525878906],"w":[-0.00030999997397884727,0.0004099999787285924,0.0],"x":[-2533.50830078125,485.29998779296875,154.47817993164063],"yaw":0.0},"ball":{"v":[0.0,0.0,0.0],"w":[0.0,0.0,0.0],"x":[0.0,0.0,92.73999786376953]}}
{"car":{"boost":false,"boost_left":89,"dodge_dir":[2.3512056226468525e-38,2.3510604481259484e-38],"dodge_timer":-1.0,"double_jumped":false,"handbrake":false,"jump":true,"jump_timer":-1.0,"jumped":true,"o":[0.949664831161499,-0.3131354749202728,0.0091050760820508,0.31312108039855957,0.9497084617614746,0.00300210271961987,-0.009587232954800129,-0.0,0.9999540448188782],"on_ground":false,"pitch":0.0,"roll":0.0,"steer":0.0,"supersonic":false,"throttle":0.0,"time":953.9335327148438,"v":[2.07099986076355,0.5709999799728394,333.53851318359375],"w":[-0.00030999997397884727,0.0004099999787285924,0.0],"x":[-2533.48779296875,485.29998779296875,157.31170654296875],"yaw":0.0},"ball":{"v":[0.0,0.0,0.0],"w":[0.0,0.0,0.0],"x":[0.0,0.0,92.73999786376953]}}
{"car":{"boost":false,"boost_left":89,"dodge_dir":[2.3512056226468525e-38,2.3510604481259484e-38],"dodge_timer":-1.0,"double_jumped":false,"handbrake":false,"jump":true,"jump_timer":-1.0,"jumped":true,"o":[0.949664831161499,-0.3131354749202728,0.0091050760820508,0.31312108039855957,0.9497084617614746,0.00300210271961987,-0.009587232954800129,-0.0,0.9999540448188782],"on_ground":false,"pitch":0.0,"roll":0.0,"steer":0.0,"supersonic":false,"throttle":0.0,"time":953.94189453125,"v":[2.07099986076355,0.5709999799728394,328.11273193359375],"w":[-0.00030999997397884727,0.0004099999787285924,0.0],"x":[-2533.4677734375,485.29998779296875,160.0502471923828],"yaw":0.0},"ball":{"v":[0.0,0.0,0.0],"w":[0.0,0.0,0.0],"x":[0.0,0.0,92.73999786376953]}}
{"car":{"boost":false,"boost_left":89,"dodge_dir":[2.3512056226468525e-38,2.3510604481259484e-38],"dodge_timer":-1.0,"double_jumped":false,"handbrake":false,"jump":true,"jump_timer":-1.0,"jumped":true,"o":[0.949664831161499,-0.3131354749202728,0.0091050760820508,0.31312108039855957,0.9497084617614746,0.00300210271961987,-0.009587232954800129,-0.0,0.9999540448188782],"on_ground":false,"pitch":0.0,"roll":0.0,"steer":0.0,"supersonic":false,"throttle":0.0,"time":953.9502563476563,"v":[2.07099986076355,0.5709999799728394,322.6871337890625],"w":[-0.00030999997397884727,0.0004099999787285924,0.0],"x":[-2533.44775390625,485.29998779296875,162.7424774169922],"yaw":0.0},"ball":{"v":[0.0,0.0,0.0],"w":[0.0,0.0,0.0],"x":[0.0,0.0,92.73999786376953]}}
{"car":{"boost":false,"boost_left":89,"dodge_dir":[2.3512056226468525e-38,2.3510604481259484e-38],"dodge_timer":-1.0,"double_jumped":false,"handbrake":false,"jump":true,"jump_timer":-1.0,"jumped":true,"o":[0.949664831161499,-0.3131354749202728,0.0091050760820508,0.31312108039855957,0.9497084617614746,0.00300210271961987,-0.009587232954800129,-0.0,0.9999540448188782],"on_ground":false,"pitch":0.0,"roll":0.0,"steer":0.0,"supersonic":false,"throttle":0.0,"time":953.9586181640625,"v":[2.07099986076355,0.5709999799728394,317.2617492675781],"w":[-0.00030999997397884727,0.0004099999787285924,0.0],"x":[-2533.427734375,485.29998779296875,165.39064025878906],"yaw":0.0},"ball":{"v":[0.0,0.0,0.0],"w":[0.0,0.0,0.0],"x":[0.0,0.0,92.73999786376953]}}
{"car":{"boost":false,"boost_left":89,"dodge_dir":[2.3512056226468525e-38,2.3510604481259484e-38],"dodge_timer":-1.0,"double_jumped":false,"handbrake":false,"jump":true,"jump_timer":-1.0,"jumped":true,"o":[0.949664831161499,-0.3131354749202728,0.0091050760820508,0.31312108039855957,0.9497084617614746,0.00300210271961987,-0.009587232954800129,-0.0,0.9999540448188782],"on_ground":false,"pitch":0.0,"roll":0.0,"steer":0.0,"supersonic":false,"throttle":0.0,"time":953.9669799804688,"v":[2.07099986076355,0.5709999799728394,311.8363342285156],"w":[-0.00030999997397884727,0.0004099999787285924,0.0],"x":[-2533.40771484375,485.29998779296875,167.99258422851563],"yaw":0.0},"ball":{"v":[0.0,0.0,0.0],"w":[0.0,0.0,0.0],"x":[0.0,0.0,92.73999786376953]}}
{"car":{"boost":false,"boost_left":89,"dodge_dir":[2.3512056226468525e-38,2.3510604481259484e-38],"dodge_timer":-1.0,"double_jumped":false,"handbrake":false,"jump":true,"jump_timer":-1.0,"jumped":true,"o":[0.949664831161499,-0.3131354749202728,0.0091050760820508,0.31312108039855957,0.9497084617614746,0.00300210271961987,-0.009587232954800129,-0.0,0.9999540448188782],"on_ground":false,"pitch":0.0,"roll":0.0,"steer":0.0,"supersonic":false,"throttle":0.0,"time":953.975341796875,"v":[2.07099986076355,0.5709999799728394,306.41094970703125],"w":[-0.00030999997397884727,0.0004099999787285924,0.0],"x":[-2533.3876953125,485.29998779296875,170.5505828857422],"yaw":0.0},"ball":{"v":[0.0,0.0,0.0],"w":[0.0,0.0,0.0],"x":[0.0,0.0,92.73999786376953]}}
{"car":{"boost":false,"boost_left":89,"dodge_dir":[2.3512056226468525e-38,2.3510604481259484e-38],"dodge_timer":-1.0,"double_jumped":false,"handbrake":false,"jump":true,"jump_timer":-1.0,"jumped":true,"o":[0.949664831161499,-0.3131354749202728,0.0091050760820508,0.31312108039855957,0.9497084617614746,0.00300210271961987,-0.009587232954800129,-0.0,0.9999540448188782],"on_ground":false,"pitch":0.0,"roll":0.0,"steer":0.0,"supersonic":false,"throttle":0.0,"time":953.9837036132813,"v":[2.07099986076355,0.5709999799728394,300.97528076171875],"w":[-0.00030999997397884727,0.0004099999787285924,0.0],"x":[-2533.367431640625,485.29998779296875,173.06704711914063],"yaw":0.0},"ball":{"v":[0.0,0.0,0.0],"w":[0.0,0.0,0.0],"x":[0.0,0.0,92.73999786376953]}}
{"car":{"boost":false,"boost_left":89,"dodge_dir":[2.3512056226468525e-38,2.3510604481259484e-38],"dodge_timer":-1.0,"double_jumped":false,"handbrake":false,"jump":true,"jump_timer":-1.0,"jumped":true,"o":[0.949664831161499,-0.3131354749202728,0.0091050760820508,0.31312108039855957,0.9497084617614746,0.00300210271961987,-0.009587232954800129,-0.0,0.9999540448188782],"on_ground":false,"pitch":0.0,"roll":0.0,"steer":0.0,"supersonic":false,"throttle":0.0,"time":953.9921264648438,"v":[2.07099986076355,0.5709999799728394,295.52496337890625],"w":[-0.00030999997397884727,0.0004099999787285924,0.0],"x":[-2533.347412109375,485.29998779296875,175.5460662841797],"yaw":0.0},"ball":{"v":[0.0,0.0,0.0],"w":[0.0,0.0,0.0],"x":[0.0,0.0,92.73999786376953]}}
{"car":{"boost":false,"boost_left":89,"dodge_dir":[2.3512056226468525e-38,2.3510604481259484e-38],"dodge_timer":-1.0,"double_jumped":false,"handbrake":false,"jump":true,"jump_timer":-1.0,"jumped":true,"o":[0.949664831161499,-0.3131354749202728,0.0091050760820508,0.31312108039855957,0.9497084617614746,0.00300210271961987,-0.009587232954800129,-0.0,0.9999540448188782],"on_ground":false,"pitch":0.0,"roll":0.0,"steer":0.0,"supersonic":false,"throttle":0.0,"time":954.00048828125,"v":[2.07099986076355,0.5709999799728394,290.06378173828125],"w":[-0.00030999997397884727,0.0004099999787285924,0.0],"x":[-2533.3271484375,485.29998779296875,177.98316955566406],"yaw":0.0},"ball":{"v":[0.0,0.0,0.0],"w":[0.0,0.0,0.0],"x":[0.0,0.0,92.73999786376953]}}
{"car":{"boost":false,"boost_left":89,"dodge_dir":[2.3512056226468525e-38,2.3510604481259484e-38],"dodge_timer":-1.0,"double_jumped":false,"handbrake":false,"jump":true,"jump_timer":-1.0,"jumped":true,"o":[0.949664831161499,-0.3131354749202728,0.0091050760820508,0.31312108039855957,0.9497084617614746,0.00300210271961987,-0.009587232954800129,-0.0,0.9999540448188782],"on_ground":false,"pitch":0.0,"roll":0.0,"steer":0.0,"supersonic":false,"throttle":0.0,"time":954.0088500976563,"v":[2.07099986076355,0.5709999799728394,284.630126953125],"w":[-0.00030999997397884727,0.0004099999787285924,0.0],"x":[-2533.307373046875,485.29998779296875,180.36387634277344],"yaw":0.0},"ball":{"v":[0.0,0.0,0.0],"w":[0.0,0.0,0.0],"x":[0.0,0.0,92.73999786376953]}}
{"car":{"boost":false,"boost_left":89,"dodge_dir":[2.3512056226468525e-38,2.3510604481259484e-38],"dodge_timer":-1.0,"double_jumped":false,"handbrake":false,"jump":true,"jump_timer":-1.0,"jumped":true,"o":[0.949664831161499,-0.3131354749202728,0.0091050760820508,0.31312108039855957,0.9497084617614746,0.00300210271961987,-0.009587232954800129,-0.0,0.9999540448188782],"on_ground":false,"pitch":0.0,"roll":0.0,"steer":0.0,"supersonic":false,"throttle":0.0,"time":954.0172119140625,"v":[2.07099986076355,0.5709999799728394,279.204345703125],"w":[-0.00030999997397884727,0.0004099999787285924,0.0],"x":[-2533.287353515625,485.29998779296875,182.6947021484375],"yaw":0.0},"ball":{"v":[0.0,0.0,0.0],"w":[0.0,0.0,0.0],"x":[0.0,0.0,92.73999786376953]}}
{"car":{"boost":false,"boost_left":89,"dodge_dir":[2.3512056226468525e-38,2.3510604481259484e-38],"dodge_timer":-1.0,"double_jumped":false,"handbrake":false,"jump":true,"jump_timer":-1.0,"jumped":true,"o":[0.949664831161499,-0.3131354749202728,0.0091050760820508,0.31312108039855957,0.9497084617614746,0.00300210271961987,-0.009587232954800129,-0.0,0.9999540448188782],"on_ground":false,"pitch":0.0,"roll":0.0,"steer":0.0,"supersonic":false,"throttle":0.0,"time":954.0255737304688,"v":[2.07099986076355,0.5709999799728394,273.762451171875],"w":[-0.00030999997397884727,0.0004099999787285924,0.0],"x":[-2533.267333984375,485.29998779296875,184.98851013183594],"yaw":0.0},"ball":{"v":[0.0,0.0,0.0],"w":[0.0,0.0,0.0],"x":[0.0,0.0,92.73999786376953]}}
{"car":{"boost":false,"boost_left":89,"dodge_dir":[2.3512056226468525e-38,2.3510604481259484e-38],"dodge_timer":-1.0,"double_jumped":false,"handbrake":false,"jump":true,"jump_timer":-1.0,"jumped":true,"o":[0.949664831161499,-0.3131354749202728,0.0091050760820508,0.31312108039855957,0.9497084617614746,0.00300210271961987,-0.009587232954800129,-0.0,0.9999540448188782],"on_ground":false,"pitch":0.0,"roll":0.0,"steer":0.0,"supersonic":false,"throttle":0.0,"time":954.0340576171875,"v":[2.07099986076355,0.5709999799728394,268.318359375],"w":[-0.00030999997397884727,0.0004099999787285924,0.0],"x":[-2533.2470703125,485.29998779296875,187.23646545410156],"yaw":0.0},"ball":{"v":[0.0,0.0,0.0],"w":[0.0,0.0,0.0],"x":[0.0,0.0,92.73999786376953]}}
{"car":{"boost":false,"boost_left":89,"dodge_dir":[2.3512056226468525e-38,2.3510604481259484e-38],"dodge_timer":-1.0,"double_jumped":false,"handbrake":false,"jump":true,"jump_timer":-1.0,"jumped":true,"o":[0.949664831161499,-0.3131354749202728,0.0091050760820508,0.31312108039855957,0.9497084617614746,0.00300210271961987,-0.009587232954800129,-0.0,0.9999540448188782],"on_ground":false,"pitch":0.0,"roll":0.0,"steer":0.0,"supersonic":false,"throttle":0.0,"time":954.0424194335938,"v":[2.07099986076355,0.5709999799728394,262.8119201660156],"w":[-0.00030999997397884727,0.0004099999787285924,0.0],"x":[-2533.226806640625,485.29998779296875,189.45895385742188],"yaw":0.0},"ball":{"v":[0.0,0.0,0.0],"w":[0.0,0.0,0.0],"x":[0.0,0.0,92.73999786376953]}}
{"car":{"boost":false,"boost_left":89,"dodge_dir":[2.3512056226468525e-38,2.3510604481259484e-38],"dodge_timer":-1.0,"double_jumped":false,"handbrake":false,"jump":true,"jump_timer":-1.0,"jumped":true,"o":[0.949664831161499,-0.3131354749202728,0.0091050760820508,0.31312108039855957,0.9497084617614746,0.00300210271961987,-0.009587232954800129,-0.0,0.9999540448188782],"on_ground":false,"pitch":0.0,"roll":0.0,"steer":0.0,"supersonic":false,"throttle":0.0,"time":954.05078125,"v":[2.07099986076355,0.5709999799728394,257.3861083984375],"w":[-0.00030999997397884727,0.0004099999787285924,0.0],"x":[-2533.206787109375,485.29998779296875,191.60488891601563],"yaw":0.0},"ball":{"v":[0.0,0.0,0.0],"w":[0.0,0.0,0.0],"x":[0.0,0.0,92.73999786376953]}}
{"car":{"boost":false,"boost_left":89,"dodge_dir":[2.3512056226468525e-38,2.3510604481259484e-38],"dodge_timer":-1.0,"double_jumped":false,"handbrake":false,"jump":true,"jump_timer":-1.0,"jumped":true,"o":[0.949664831161499,-0.3131354749202728,0.0091050760820508,0.31312108039855957,0.9497084617614746,0.00300210271961987,-0.009587232954800129,-0.0,0.9999540448188782],"on_ground":false,"pitch":0.0,"roll":0.0,"steer":0.0,"supersonic":false,"throttle":0.0,"time":954.0591430664063,"v":[2.07099986076355,0.5709999799728394,251.9603271484375],"w":[-0.00030999997397884727,0.0004099999787285924,0.0],"x":[-2533.186767578125,485.29998779296875,193.70413208007813],"yaw":0.0},"ball":{"v":[0.0,0.0,0.0],"w":[0.0,0.0,0.0],"x":[0.0,0.0,92.73999786376953]}}
{"car":{"boost":false,"boost_left":89,"dodge_dir":[2.3512056226468525e-38,2.3510604481259484e-38],"dodge_timer":-1.0,"double_jumped":false,"handbrake":false,"jump":true,"jump_timer":-1.0,"jumped":true,"o":[0.949664831161499,-0.3131354749202728,0.0091050760820508,0.31312108039855957,0.9497084617614746,0.00300210271961987,-0.009587232954800129,-0.0,0.9999540448188782],"on_ground":false,"pitch":0.0,"roll":0.0,"steer":0.0,"supersonic":false,"throttle":0.0,"time":954.0675048828125,"v":[2.07099986076355,0.5709999799728394,246.53472900390625],"w":[-0.00030999997397884727,0.0004099999787285924,0.0],"x":[-2533.166748046875,485.29998779296875,195.7598114013672],"yaw":0.0},"ball":{"v":[0.0,0.0,0.0],"w":[0.0,0.0,0.0],"x":[0.0,0.0,92.73999786376953]}}
{"car":{"boost":false,"boost_left":89,"dodge_dir":[2.3512056226468525e-38,2.3510604481259484e-38],"dodge_timer":-1.0,"double_jumped":false,"handbrake":false,"jump":true,"jump_timer":-1.0,"jumped":true,"o":[0.949664831161499,-0.3131354749202728,0.0091050760820508,0.31312108039855957,0.9497084617614746,0.00300210271961987,-0.009587232954800129,-0.0,0.9999540448188782],"on_ground":false,"pitch":0.0,"roll":0.0,"steer":0.0,"supersonic":false,"throttle":0.0,"time":954.075927734375,"v":[2.07099986076355,0.5709999799728394,241.09947204589844],"w":[-0.00030999997397884727,0.0004099999787285924,0.0],"x":[-2533.146728515625,485.29998779296875,197.7723388671875],"yaw":0.0},"ball":{"v":[0.0,0.0,0.0],"w":[0.0,0.0,0.0],"x":[0.0,0.0,92.73999786376953]}}
{"car":{"boost":false,"boost_left":89,"dodge_dir":[2.3512056226468525e-38,2.3510604481259484e-38],"dodge_timer":-1.0,"double_jumped":false,"handbrake":false,"jump":true,"jump_timer":-1.0,"jumped":true,"o":[0.949664831161499,-0.3131354749202728,0.0091050760820508,0.31312108039855957,0.9497084617614746,0.00300210271961987,-0.009587232954800129,-0.0,0.9999540448188782],"on_ground":false,"pitch":0.0,"roll":0.0,"steer":0.0,"supersonic":false,"throttle":0.0,"time":954.0842895507813,"v":[2.07099986076355,0.5709999799728394,235.6294403076172],"w":[-0.00030999997397884727,0.0004099999787285924,0.0],"x":[-2533.12646484375,485.29998779296875,199.75375366210938],"yaw":0.0},"ball":{"v":[0.0,0.0,0.0],"w":[0.0,0.0,0.0],"x":[0.0,0.0,92.73999786376953]}}
{"car":{"boost":false,"boost_left":89,"dodge_dir":[2.3512056226468525e-38,2.3510604481259484e-38],"dodge_timer":-1.0,"double_jumped":false,"handbrake":false,"jump":true,"jump_timer":-1.0,"jumped":true,"o":[0.949664831161499,-0.3131354749202728,0.0091050760820508,0.31312108039855957,0.9497084617614746,0.00300210271961987,-0.009587232954800129,-0.0,0.9999540448188782],"on_ground":false,"pitch":0.0,"roll":0.0,"steer":0.0,"supersonic":false,"throttle":0.0,"time":954.0926513671875,"v":[2.07099986076355,0.5709999799728394,230.18394470214844],"w":[-0.00030999997397884727,0.0004099999787285924,0.0],"x":[-2533.106201171875,485.29998779296875,201.6790008544922],"yaw":0.0},"ball":{"v":[0.0,0.0,0.0],"w":[0.0,0.0,0.0],"x":[0.0,0.0,92.73999786376953]}}
{"car":{"boost":false,"boost_left":89,"dodge_dir":[2.3512056226468525e-38,2.3510604481259484e-38],"dodge_timer":-1.0,"double_jumped":false,"handbrake":false,"jump":true,"jump_timer":-1.0,"jumped":true,"o":[0.949664831161499,-0.3131354749202728,0.0091050760820508,0.31312108039855957,0.9497084617614746,0.00300210271961987,-0.009587232954800129,-0.0,0.9999540448188782],"on_ground":false,"pitch":0.0,"roll":0.0,"steer":0.0,"supersonic":false,"throttle":0.0,"time":954.1010131835938,"v":[2.07099986076355,0.5709999799728394,224.73641967773438],"w":[-0.00030999997397884727,0.0004099999787285924,0.0],"x":[-2533.086181640625,485.29998779296875,203.56130981445313],"yaw":0.0},"ball":{"v":[0.0,0.0,0.0],"w":[0.0,0.0,0.0],"x":[0.0,0.0,92.73999786376953]}}
{"car":{"boost":false,"boost_left":89,"dodge_dir":[2.3512056226468525e-38,2.3510604481259484e-38],"dodge_timer":-1.0,"double_jumped":false,"handbrake":false,"jump":true,"jump_timer":-1.0,"jumped":true,"o":[0.949664831161499,-0.3131354749202728,0.0091050760820508,0.31312108039855957,0.9497084617614746,0.00300210271961987,-0.009587232954800129,-0.0,0.9999540448188782],"on_ground":false,"pitch":0.0,"roll":0.0,"steer":0.0,"supersonic":false,"throttle":0.0,"time":954.109375,"v":[2.07099986076355,0.5709999799728394,219.28648376464844],"w":[-0.00030999997397884727,0.0004099999787285924,0.0],"x":[-2533.066162109375,485.29998779296875,205.39712524414063],"yaw":0.0},"ball":{"v":[0.0,0.0,0.0],"w":[0.0,0.0,0.0],"x":[0.0,0.0,92.73999786376953]}}
{"car":{"boost":false,"boost_left":89,"dodge_dir":[2.3512056226468525e-38,2.3510604481259484e-38],"dodge_timer":-1.0,"double_jumped":false,"handbrake":false,"jump":true,"jump_timer":-1.0,"jumped":true,"o":[0.949664831161499,-0.3131354749202728,0.0091050760820508,0.31312108039855957,0.9497084617614746,0.00300210271961987,-0.009587232954800129,-0.0,0.9999540448188782],"on_ground":false,"pitch":0.0,"roll":0.0,"steer":0.0,"supersonic":false,"throttle":0.0,"time":954.1177368164063,"v":[2.07099986076355,0.5709999799728394,213.84500122070313],"w":[-0.00030999997397884727,0.0004099999787285924,0.0],"x":[-2533.046142578125,485.29998779296875,207.18658447265625],"yaw":0.0},"ball":{"v":[0.0,0.0,0.0],"w":[0.0,0.0,0.0],"x":[0.0,0.0,92.73999786376953]}}
{"car":{"boost":false,"boost_left":89,"dodge_dir":[2.3512056226468525e-38,2.3510604481259484e-38],"dodge_timer":-1.0,"double_jumped":false,"handbrake":false,"jump":true,"jump_timer":-1.0,"jumped":true,"o":[0.949664831161499,-0.3131354749202728,0.0091050760820508,0.31312108039855957,0.9497084617614746,0.00300210271961987,-0.009587232954800129,-0.0,0.9999540448188782],"on_ground":false,"pitch":0.0,"roll":0.0,"steer":0.0,"supersonic":false,"throttle":0.0,"time":954.1261596679688,"v":[2.07099986076355,0.5709999799728394,208.40713500976563],"w":[-0.00030999997397884727,0.0004099999787285924,0.0],"x":[-2533.026123046875,485.29998779296875,208.9276123046875],"yaw":0.0},"ball":{"v":[0.0,0.0,0.0],"w":[0.0,0.0,0.0],"x":[0.0,0.0,92.73999786376953]}}
{"car":{"boost":false,"boost_left":89,"dodge_dir":[2.3512056226468525e-38,2.3510604481259484e-38],"dodge_timer":-1.0,"double_jumped":false,"handbrake":false,"jump":true,"jump_timer":-1.0,"jumped":true,"o":[0.949664831161499,-0.3131354749202728,0.0091050760820508,0.31312108039855957,0.9497084617614746,0.00300210271961987,-0.009587232954800129,-0.0,0.9999540448188782],"on_ground":false,"pitch":0.0,"roll":0.0,"steer":0.0,"supersonic":false,"throttle":0.0,"time":954.1345825195313,"v":[2.07099986076355,0.5709999799728394,202.9441375732422],"w":[-0.00030999997397884727,0.0004099999787285924,0.0],"x":[-2533.005859375,485.29998779296875,210.63307189941406],"yaw":0.0},"ball":{"v":[0.0,0.0,0.0],"w":[0.0,0.0,0.0],"x":[0.0,0.0,92.73999786376953]}}
{"car":{"boost":false,"boost_left":89,"dodge_dir":[2.3512056226468525e-38,2.3510604481259484e-38],"dodge_timer":-1.0,"double_jumped":false,"handbrake":false,"jump":true,"jump_timer":-1.0,"jumped":true,"o":[0.949664831161499,-0.3131354749202728,0.0091050760820508,0.31312108039855957,0.9497084617614746,0.00300210271961987,-0.009587232954800129,-0.0,0.9999540448188782],"on_ground":false,"pitch":0.0,"roll":0.0,"steer":0.0,"supersonic":false,"throttle":0.0,"time":954.14306640625,"v":[2.07099986076355,0.5709999799728394,197.4845733642578],"w":[-0.00030999997397884727,0.0004099999787285924,0.0],"x":[-2532.98583984375,485.29998779296875,212.28976440429688],"yaw":0.0},"ball":{"v":[0.0,0.0,0.0],"w":[0.0,0.0,0.0],"x":[0.0,0.0,92.73999786376953]}}
{"car":{"boost":false,"boost_left":89,"dodge_dir":[2.3512056226468525e-38,2.3510604481259484e-38],"dodge_timer":-1.0,"double_jumped":false,"handbrake":false,"jump":true,"jump_timer":-1.0,"jumped":true,"o":[0.949664831161499,-0.3131354749202728,0.0091050760820508,0.31312108039855957,0.9497084617614746,0.00300210271961987,-0.009587232954800129,-0.0,0.9999540448188782],"on_ground":false,"pitch":0.0,"roll":0.0,"steer":0.0,"supersonic":false,"throttle":0.0,"time":954.1514282226563,"v":[2.07099986076355,0.5709999799728394,191.9835662841797],"w":[-0.00030999997397884727,0.0004099999787285924,0.0],"x":[-2532.96533203125,485.29998779296875,213.91506958007813],"yaw":0.0},"ball":{"v":[0.0,0.0,0.0],"w":[0.0,0.0,0.0],"x":[0.0,0.0,92.73999786376953]}}
{"car":{"boost":false,"boost_left":89,"dodge_dir":[2.3512056226468525e-38,2.3510604481259484e-38],"dodge_timer":-1.0,"double_jumped":false,"handbrake":false,"jump":true,"jump_timer":-1.0,"jumped":true,"o":[0.949664831161499,-0.3131354749202728,0.0091050760820508,0.31312108039855957,0.9497084617614746,0.00300210271961987,-0.009587232954800129,-0.0,0.9999540448188782],"on_ground":false,"pitch":0.0,"roll":0.0,"steer":0.0,"supersonic":false,"throttle":0.0,"time":954.1597900390625,"v":[2.07099986076355,0.5709999799728394,186.55715942382813],"w":[-0.00030999997397884727,0.0004099999787285924,0.0],"x":[-2532.9453125,485.29998779296875,215.4705810546875],"yaw":0.0},"ball":{"v":[0.0,0.0,0.0],"w":[0.0,0.0,0.0],"x":[0.0,0.0,92.73999786376953]}}
{"car":{"boost":false,"boost_left":89,"dodge_dir":[2.3512056226468525e-38,2.3510604481259484e-38],"dodge_timer":-1.0,"double_jumped":false,"handbrake":false,"jump":true,"jump_timer":-1.0,"jumped":true,"o":[0.949664831161499,-0.3131354749202728,0.0091050760820508,0.31312108039855957,0.9497084617614746,0.00300210271961987,-0.009587232954800129,-0.0,0.9999540448188782],"on_ground":false,"pitch":0.0,"roll":0.0,"steer":0.0,"supersonic":false,"throttle":0.0,"time":954.1681518554688,"v":[2.07099986076355,0.5709999799728394,181.13075256347656],"w":[-0.00030999997397884727,0.0004099999787285924,0.0],"x":[-2532.92529296875,485.29998779296875,216.98324584960938],"yaw":0.0},"ball":{"v":[0.0,0.0,0.0],"w":[0.0,0.0,0.0],"x":[0.0,0.0,92.73999786376953]}}
{"car":{"boost":false,"boost_left":89,"dodge_dir":[2.3512056226468525e-38,2.3510604481259484e-38],"dodge_timer":-1.0,"double_jumped":false,"handbrake":false,"jump":true,"jump_timer":-1.0,"jumped":true,"o":[0.949664831161499,-0.3131354749202728,0.0091050760820508,0.31312108039855957,0.9497084617614746,0.00300210271961987,-0.009587232954800129,-0.0,0.9999540448188782],"on_ground":false,"pitch":0.0,"roll":0.0,"steer":0.0,"supersonic":false,"throttle":0.0,"time":954.176513671875,"v":[2.07099986076355,0.5709999799728394,175.704345703125],"w":[-0.00030999997397884727,0.0004099999787285924,0.0],"x":[-2532.9052734375,485.29998779296875,218.44851684570313],"yaw":0.0},"ball":{"v":[0.0,0.0,0.0],"w":[0.0,0.0,0.0],"x":[0.0,0.0,92.73999786376953]}}
{"car":{"boost":false,"boost_left":89,"dodge_dir":[2.3512056226468525e-38,2.3510604481259484e-38],"dodge_timer":-1.0,"double_jumped":false,"handbrake":false,"jump":true,"jump_timer":-1.0,"jumped":true,"o":[0.949664831161499,-0.3131354749202728,0.0091050760820508,0.31312108039855957,0.9497084617614746,0.00300210271961987,-0.009587232954800129,-0.0,0.9999540448188782],"on_ground":false,"pitch":0.0,"roll":0.0,"steer":0.0,"supersonic":false,"throttle":0.0,"time":954.1849365234375,"v":[2.07099986076355,0.5709999799728394,170.263671875],"w":[-0.00030999997397884727,0.0004099999787285924,0.0],"x":[-2532.88525390625,485.29998779296875,219.87469482421875],"yaw":0.0},"ball":{"v":[0.0,0.0,0.0],"w":[0.0,0.0,0.0],"x":[0.0,0.0,92.73999786376953]}}
{"car":{"boost":false,"boost_left":89,"dodge_dir":[2.3512056226468525e-38,2.3510604481259484e-38],"dodge_timer":-1.0,"double_jumped":false,"handbrake":false,"jump":true,"jump_timer":-1.0,"jumped":true,"o":[0.949664831161499,-0.3131354749202728,0.0091050760820508,0.31312108039855957,0.9497084617614746,0.00300210271961987,-0.009587232954800129,-0.0,0.9999540448188782],"on_ground":false,"pitch":0.0,"roll":0.0,"steer":0.0,"supersonic":false,"throttle":0.0,"time":954.1932983398438,"v":[2.07099986076355,0.5709999799728394,164.80369567871094],"w":[-0.00030999997397884727,0.0004099999787285924,0.0],"x":[-2532.864990234375,485.29998779296875,221.25804138183594],"yaw":0.0},"ball":{"v":[0.0,0.0,0.0],"w":[0.0,0.0,0.0],"x":[0.0,0.0,92.73999786376953]}}
