{"car":{"boost":false,"boost_left":76,"dodge_dir":[2.3512056226468525e-38,2.3510604481259484e-38],"dodge_timer":-1.0,"double_jumped":false,"handbrake":false,"jump":true,"jump_timer":-1.0,"jumped":true,"o":[0.949664831161499,-0.3131354749202728,0.0091050760820508,0.31312108039855957,0.9497084617614746,0.00300210271961987,-0.009587232954800129,-0.0,0.9999540448188782],"on_ground":false,"pitch":0.0,"roll":0.0,"steer":0.0,"supersonic":false,"throttle":0.0,"time":963.2955932617188,"v":[1.9438776969909668,0.5363302230834961,437.4634094238281],"w":[-0.00030999997397884727,0.0004099999787285924,0.0],"x":[-2066.373046875,637.8200073242188,86.64185333251953],"yaw":0.0},"ball":{"v":[0.0,0.0,0.0],"w":[0.0,0.0,0.0],"x":[0.0,0.0,92.73999786376953]}}
{"car":{"boost":false,"boost_left":76,"dodge_dir":[2.3512056226468525e-38,2.3510604481259484e-38],"dodge_timer":-1.0,"double_jumped":false,"handbrake":false,"jump":true,"jump_timer":-1.0,"jumped":true,"o":[0.949664831161499,-0.3131354749202728,0.0091050760820508,0.31312108039855957,0.9497084617614746,0.00300210271961987,-0.009587232954800129,-0.0,0.9999540448188782],"on_ground":false,"pitch":0.0,"roll":0.0,"steer":0.0,"supersonic":false,"throttle":0.0,"time":963.303955078125,"v":[2.054399251937866,0.5664725303649902,444.225341796875],"w":[-0.00030999997397884727,0.0004099999787285924,0.0],"x":[-2066.352783203125,637.8200073242188,90.360107421875],"yaw":0.0},"ball":{"v":[0.0,0.0,0.0],"w":[0.0,0.0,0.0],"x":[0.0,0.0,92.73999786376953]}}
{"car":{"boost":false,"boost_left":76,"dodge_dir":[2.3512056226468525e-38,2.3510604481259484e-38],"dodge_timer":-1.0,"double_jumped":false,"handbrake":false,"jump":true,"jump_timer":-1.0,"jumped":true,"o":[0.949664831161499,-0.3131354749202728,0.0091050760820508,0.31312108039855957,0.9497084617614746,0.00300210271961987,-0.009587232954800129,-0.0,0.9999540448188782],"on_ground":false,"pitch":0.0,"roll":0.0,"steer":0.0,"supersonic":false,"throttle":0.0,"time":963.3123168945313,"v":[2.07099986076355,0.5709999799728394,440.6037902832031],"w":[-0.00030999997397884727,0.0004099999787285924,0.0],"x":[-2066.332763671875,637.8200073242188,94.05994415283203],"yaw":0.0},"ball":{"v":[0.0,0.0,0.0],"w":[0.0,0.0,0.0],"x":[0.0,0.0,92.73999786376953]}}
{"car":{"boost":false,"boost_left":76,"dodge_dir":[2.3512056226468525e-38,2.3510604481259484e-38],"dodge_timer":-1.0,"double_jumped":false,"handbrake":false,"jump":true,"jump_timer":-1.0,"jumped":true,"o":[0.949664831161499,-0.3131354749202728,0.0091050760820508,0.31312108039855957,0.9497084617614746,0.00300210271961987,-0.009587232954800129,-0.0,0.9999540448188782],"on_ground":false,"pitch":0.0,"roll":0.0,"steer":0.0,"supersonic":false,"throttle":0.0,"time":963.3207397460938,"v":[2.07099986076355,0.5709999799728394,435.1733703613281],"w":[-0.00030999997397884727,0.0004099999787285924,0.0],"x":[-2066.31298828125,637.8200073242188,97.69412994384766],"yaw":0.0},"ball":{"v":[0.0,0.0,0.0],"w":[0.0,0.0,0.0],"x":[0.0,0.0,92.73999786376953]}}
{"car":{"boost":false,"boost_left":76,"dodge_dir":[2.3512056226468525e-38,2.3510604481259484e-38],"dodge_timer":-1.0,"double_jumped":false,"handbrake":false,"jump":true,"jump_timer":-1.0,"jumped":true,"o":[0.949664831161499,-0.3131354749202728,0.0091050760820508,0.31312108039855957,0.9497084617614746,0.00300210271961987,-0.009587232954800129,-0.0,0.9999540448188782],"on_ground":false,"pitch":0.0,"roll":0.0,"steer":0.0,"supersonic":false,"throttle":0.0,"time":963.3291015625,"v":[2.07099986076355,0.5709999799728394,429.6966857910156],"w":[-0.00030999997397884727,0.0004099999787285924,0.0],"x":[-2066.292724609375,637.8200073242188,101.30858612060547],"yaw":0.0},"ball":{"v":[0.0,0.0,0.0],"w":[0.0,0.0,0.0],"x":[0.0,0.0,92.73999786376953]}}
{"car":{"boost":false,"boost_left":76,"dodge_dir":[2.3512056226468525e-38,2.3510604481259484e-38],"dodge_timer":-1.0,"double_jumped":false,"handbrake":false,"jump":true,"jump_timer":-1.0,"jumped":true,"o":[0.949664831161499,-0.3131354749202728,0.0091050760820508,0.31312108039855957,0.9497084617614746,0.00300210271961987,-0.009587232954800129,-0.0,0.9999540448188782],"on_ground":false,"pitch":0.0,"roll":0.0,"steer":0.0,"supersonic":false,"throttle":0.0,"time":963.3375854492188,"v":[2.07099986076355,0.5709999799728394,424.2491760253906],"w":[-0.00030999997397884727,0.0004099999787285924,0.0],"x":[-2066.2724609375,637.8200073242188,104.86178588867188],"yaw":0.0},"ball":{"v":[0.0,0.0,0.0],"w":[0.0,0.0,0.0],"x":[0.0,0.0,92.73999786376953]}}
{"car":{"boost":false,"boost_left":76,"dodge_dir":[2.3512056226468525e-38,2.3510604481259484e-38],"dodge_timer":-1.0,"double_jumped":false,"handbrake":false,"jump":true,"jump_timer":-1.0,"jumped":true,"o":[0.949664831161499,-0.3131354749202728,0.0091050760820508,0.31312108039855957,0.9497084617614746,0.00300210271961987,-0.009587232954800129,-0.0,0.9999540448188782],"on_ground":false,"pitch":0.0,"roll":0.0,"steer":0.0,"supersonic":false,"throttle":0.0,"time":963.345947265625,"v":[2.07099986076355,0.5709999799728394,418.7369079589844],"w":[-0.00030999997397884727,0.0004099999787285924,0.0],"x":[-2066.252197265625,637.8200073242188,108.40737915039063],"yaw":0.0},"ball":{"v":[0.0,0.0,0.0],"w":[0.0,0.0,0.0],"x":[0.0,0.0,92.73999786376953]}}
{"car":{"boost":false,"boost_left":76,"dodge_dir":[2.3512056226468525e-38,2.3510604481259484e-38],"dodge_timer":-1.0,"double_jumped":false,"handbrake":false,"jump":true,"jump_timer":-1.0,"jumped":true,"o":[0.949664831161499,-0.3131354749202728,0.0091050760820508,0.31312108039855957,0.9497084617614746,0.00300210271961987,-0.009587232954800129,-0.0,0.9999540448188782],"on_ground":false,"pitch":0.0,"roll":0.0,"steer":0.0,"supersonic":false,"throttle":0.0,"time":963.3543090820313,"v":[2.07099986076355,0.5709999799728394,413.3167724609375],"w":[-0.00030999997397884727,0.0004099999787285924,0.0],"x":[-2066.232177734375,637.8200073242188,111.85188293457031],"yaw":0.0},"ball":{"v":[0.0,0.0,0.0],"w":[0.0,0.0,0.0],"x":[0.0,0.0,92.73999786376953]}}
{"car":{"boost":false,"boost_left":76,"dodge_dir":[2.3512056226468525e-38,2.3510604481259484e-38],"dodge_timer":-1.0,"double_jumped":false,"handbrake":false,"jump":true,"jump_timer":-1.0,"jumped":true,"o":[0.949664831161499,-0.3131354749202728,0.0091050760820508,0.31312108039855957,0.9497084617614746,0.00300210271961987,-0.009587232954800129,-0.0,0.9999540448188782],"on_ground":false,"pitch":0.0,"roll":0.0,"steer":0.0,"supersonic":false,"throttle":0.0,"time":963.3626708984375,"v":[2.07099986076355,0.5709999799728394,407.8963928222656],"w":[-0.00030999997397884727,0.0004099999787285924,0.0],"x":[-2066.212158203125,637.8200073242188,115.24760437011719],"yaw":0.0},"ball":{"v":[0.0,0.0,0.0],"w":[0.0,0.0,0.0],"x":[0.0,0.0,92.73999786376953]}}
{"car":{"boost":false,"boost_left":76,"dodge_dir":[2.3512056226468525e-38,2.3510604481259484e-38],"dodge_timer":-1.0,"double_jumped":false,"handbrake":false,"jump":true,"jump_timer":-1.0,"jumped":true,"o":[0.949664831161499,-0.3131354749202728,0.0091050760820508,0.31312108039855957,0.9497084617614746,0.00300210271961987,-0.009587232954800129,-0.0,0.9999540448188782],"on_ground":false,"pitch":0.0,"roll":0.0,"steer":0.0,"supersonic":false,"throttle":0.0,"time":963.3710327148438,"v":[2.07099986076355,0.5709999799728394,402.44927978515625],"w":[-0.00030999997397884727,0.0004099999787285924,0.0],"x":[-2066.192138671875,637.8200073242188,118.61875915527344],"yaw":0.0},"ball":{"v":[0.0,0.0,0.0],"w":[0.0,0.0,0.0],"x":[0.0,0.0,92.73999786376953]}}
{"car":{"boost":false,"boost_left":76,"dodge_dir":[2.3512056226468525e-38,2.3510604481259484e-38],"dodge_timer":-1.0,"double_jumped":false,"handbrake":false,"jump":true,"jump_timer":-1.0,"jumped":true,"o":[0.949664831161499,-0.3131354749202728,0.0091050760820508,0.31312108039855957,0.9497084617614746,0.00300210271961987,-0.009587232954800129,-0.0,0.9999540448188782],"on_ground":false,"pitch":0.0,"roll":0.0,"steer":0.0,"supersonic":false,"throttle":0.0,"time":963.37939453125,"v":[2.07099986076355,0.5709999799728394,397.02166748046875],"w":[-0.00030999997397884727,0.0004099999787285924,0.0],"x":[-2066.171875,637.8200073242188,121.92863464355469],"yaw":0.0},"ball":{"v":[0.0,0.0,0.0],"w":[0.0,0.0,0.0],"x":[0.0,0.0,92.73999786376953]}}
{"car":{"boost":false,"boost_left":76,"dodge_dir":[2.3512056226468525e-38,2.3510604481259484e-38],"dodge_timer":-1.0,"double_jumped":false,"handbrake":false,"jump":true,"jump_timer":-1.0,"jumped":true,"o":[0.949664831161499,-0.3131354749202728,0.0091050760820508,0.31312108039855957,0.9497084617614746,0.00300210271961987,-0.009587232954800129,-0.0,0.9999540448188782],"on_ground":false,"pitch":0.0,"roll":0.0,"steer":0.0,"supersonic":false,"throttle":0.0,"time":963.3877563476563,"v":[2.07099986076355,0.5709999799728394,391.5727233886719],"w":[-0.00030999997397884727,0.0004099999787285924,0.0],"x":[-2066.15185546875,637.8200073242188,125.21017456054688],"yaw":0.0},"ball":{"v":[0.0,0.0,0.0],"w":[0.0,0.0,0.0],"x":[0.0,0.0,92.73999786376953]}}
{"car":{"boost":false,"boost_left":76,"dodge_dir":[2.3512056226468525e-38,2.3510604481259484e-38],"dodge_timer":-1.0,"double_jumped":false,"handbrake":false,"jump":true,"jump_timer":-1.0,"jumped":true,"o":[0.949664831161499,-0.3131354749202728,0.0091050760820508,0.31312108039855957,0.9497084617614746,0.00300210271961987,-0.009587232954800129,-0.0,0.9999540448188782],"on_ground":false,"pitch":0.0,"roll":0.0,"steer":0.0,"supersonic":false,"throttle":0.0,"time":963.3961181640625,"v":[2.07099986076355,0.5709999799728394,386.11737060546875],"w":[-0.00030999997397884727,0.0004099999787285924,0.0],"x":[-2066.1318359375,637.8200073242188,128.44601440429688],"yaw":0.0},"ball":{"v":[0.0,0.0,0.0],"w":[0.0,0.0,0.0],"x":[0.0,0.0,92.73999786376953]}}
{"car":{"boost":false,"boost_left":76,"dodge_dir":[2.3512056226468525e-38,2.3510604481259484e-38],"dodge_timer":-1.0,"double_jumped":false,"handbrake":false,"jump":true,"jump_timer":-1.0,"jumped":true,"o":[0.949664831161499,-0.3131354749202728,0.0091050760820508,0.31312108039855957,0.9497084617614746,0.00300210271961987,-0.009587232954800129,-0.0,0.9999540448188782],"on_ground":false,"pitch":0.0,"roll":0.0,"steer":0.0,"supersonic":false,"throttle":0.0,"time":963.404541015625,"v":[2.07099986076355,0.5709999799728394,380.6777038574219],"w":[-0.00030999997397884727,0.0004099999787285924,0.0],"x":[-2066.111572265625,637.8200073242188,131.63119506835938],"yaw":0.0},"ball":{"v":[0.0,0.0,0.0],"w":[0.0,0.0,0.0],"x":[0.0,0.0,92.73999786376953]}}
{"car":{"boost":false,"boost_left":76,"dodge_dir":[2.3512056226468525e-38,2.3510604481259484e-38],"dodge_timer":-1.0,"double_jumped":false,"handbrake":false,"jump":true,"jump_timer":-1.0,"jumped":true,"o":[0.949664831161499,-0.3131354749202728,0.0091050760820508,0.31312108039855957,0.9497084617614746,0.00300210271961987,-0.009587232954800129,-0.0,0.9999540448188782],"on_ground":false,"pitch":0.0,"roll":0.0,"steer":0.0,"supersonic":false,"throttle":0.0,"time":963.4129028320313,"v":[2.07099986076355,0.5709999799728394,375.21771240234375],"w":[-0.00030999997397884727,0.0004099999787285924,0.0],"x":[-2066.091552734375,637.8200073242188,134.77859497070313],"yaw":0.0},"ball":{"v":[0.0,0.0,0.0],"w":[0.0,0.0,0.0],"x":[0.0,0.0,92.73999786376953]}}
{"car":{"boost":false,"boost_left":76,"dodge_dir":[2.3512056226468525e-38,2.3510604481259484e-38],"dodge_timer":-1.0,"double_jumped":false,"handbrake":false,"jump":true,"jump_timer":-1.0,"jumped":true,"o":[0.949664831161499,-0.3131354749202728,0.0091050760820508,0.31312108039855957,0.9497084617614746,0.00300210271961987,-0.009587232954800129,-0.0,0.9999540448188782],"on_ground":false,"pitch":0.0,"roll":0.0,"steer":0.0,"supersonic":false,"throttle":0.0,"time":963.4212646484375,"v":[2.07099986076355,0.5709999799728394,369.7754211425781],"w":[-0.00030999997397884727,0.0004099999787285924,0.0],"x":[-2066.071533203125,637.8200073242188,137.87449645996094],"yaw":0.0},"ball":{"v":[0.0,0.0,0.0],"w":[0.0,0.0,0.0],"x":[0.0,0.0,92.73999786376953]}}
{"car":{"boost":false,"boost_left":76,"dodge_dir":[2.3512056226468525e-38,2.3510604481259484e-38],"dodge_timer":-1.0,"double_jumped":false,"handbrake":false,"jump":true,"jump_timer":-1.0,"jumped":true,"o":[0.949664831161499,-0.3131354749202728,0.0091050760820508,0.31312108039855957,0.9497084617614746,0.00300210271961987,-0.009587232954800129,-0.0,0.9999540448188782],"on_ground":false,"pitch":0.0,"roll":0.0,"steer":0.0,"supersonic":false,"throttle":0.0,"time":963.4296264648438,"v":[2.07099986076355,0.5709999799728394,364.3257141113281],"w":[-0.00030999997397884727,0.0004099999787285924,0.0],"x":[-2066.051513671875,637.8200073242188,140.9249267578125],"yaw":0.0},"ball":{"v":[0.0,0.0,0.0],"w":[0.0,0.0,0.0],"x":[0.0,0.0,92.73999786376953]}}
{"car":{"boost":false,"boost_left":76,"dodge_dir":[2.3512056226468525e-38,2.3510604481259484e-38],"dodge_timer":-1.0,"double_jumped":false,"handbrake":false,"jump":true,"jump_timer":-1.0,"jumped":true,"o":[0.949664831161499,-0.3131354749202728,0.0091050760820508,0.31312108039855957,0.9497084617614746,0.00300210271961987,-0.009587232954800129,-0.0,0.9999540448188782],"on_ground":false,"pitch":0.0,"roll":0.0,"steer":0.0,"supersonic":false,"throttle":0.0,"time":963.4380493164063,"v":[2.07099986076355,0.5709999799728394,358.89227294921875],"w":[-0.00030999997397884727,0.0004099999787285924,0.0],"x":[-2066.031494140625,637.8200073242188,143.9251708984375],"yaw":0.0},"ball":{"v":[0.0,0.0,0.0],"w":[0.0,0.0,0.0],"x":[0.0,0.0,92.73999786376953]}}
{"car":{"boost":false,"boost_left":76,"dodge_dir":[2.3512056226468525e-38,2.3510604481259484e-38],"dodge_timer":-1.0,"double_jumped":false,"handbrake":false,"jump":true,"jump_timer":-1.0,"jumped":true,"o":[0.949664831161499,-0.3131354749202728,0.0091050760820508,0.31312108039855957,0.9497084617614746,0.00300210271961987,-0.009587232954800129,-0.0,0.9999540448188782],"on_ground":false,"pitch":0.0,"roll":0.0,"steer":0.0,"supersonic":false,"throttle":0.0,"time":963.4464111328125,"v":[2.07099986076355,0.5709999799728394,353.43389892578125],"w":[-0.00030999997397884727,0.0004099999787285924,0.0],"x":[-2066.01123046875,637.8200073242188,146.88941955566406],"yaw":0.0},"ball":{"v":[0.0,0.0,0.0],"w":[0.0,0.0,0.0],"x":[0.0,0.0,92.73999786376953]}}
{"car":{"boost":false,"boost_left":76,"dodge_dir":[2.3512056226468525e-38,2.3510604481259484e-38],"dodge_timer":-1.0,"double_jumped":false,"handbrake":false,"jump":true,"jump_timer":-1.0,"jumped":true,"o":[0.949664831161499,-0.3131354749202728,0.0091050760820508,0.31312108039855957,0.9497084617614746,0.00300210271961987,-0.009587232954800129,-0.0,0.9999540448188782],"on_ground":false,"pitch":0.0,"roll":0.0,"steer":0.0,"supersonic":false,"throttle":0.0,"time":963.4548950195313,"v":[2.07099986076355,0.5709999799728394,347.97772216796875],"w":[-0.00030999997397884727,0.0004099999787285924,0.0],"x":[-2065.990966796875,637.8200073242188,149.8112335205078],"yaw":0.0},"ball":{"v":[0.0,0.0,0.0],"w":[0.0,0.0,0.0],"x":[0.0,0.0,92.73999786376953]}}
{"car":{"boost":false,"boost_left":76,"dodge_dir":[2.3512056226468525e-38,2.3510604481259484e-38],"dodge_timer":-1.0,"double_jumped":false,"handbrake":false,"jump":true,"jump_timer":-1.0,"jumped":true,"o":[0.949664831161499,-0.3131354749202728,0.0091050760820508,0.31312108039855957,0.9497084617614746,0.00300210271961987,-0.009587232954800129,-0.0,0.9999540448188782],"on_ground":false,"pitch":0.0,"roll":0.0,"steer":0.0,"supersonic":false,"throttle":0.0,"time":963.4632568359375,"v":[2.07099986076355,0.5709999799728394,342.449951171875],"w":[-0.00030999997397884727,0.0004099999787285924,0.0],"x":[-2065.970703125,637.8200073242188,152.7206268310547],"yaw":0.0},"ball":{"v":[0.0,0.0,0.0],"w":[0.0,0.0,0.0],"x":[0.0,0.0,92.73999786376953]}}
{"car":{"boost":false,"boost_left":76,"dodge_dir":[2.3512056226468525e-38,2.3510604481259484e-38],"dodge_timer":-1.0,"double_jumped":false,"handbrake":false,"jump":true,"jump_timer":-1.0,"jumped":true,"o":[0.949664831161499,-0.3131354749202728,0.0091050760820508,0.31312108039855957,0.9497084617614746,0.00300210271961987,-0.009587232954800129,-0.0,0.9999540448188782],"on_ground":false,"pitch":0.0,"roll":0.0,"steer":0.0,"supersonic":false,"throttle":0.0,"time":963.4716186523438,"v":[2.07099986076355,0.5709999799728394,337.0298156738281],"w":[-0.00030999997397884727,0.0004099999787285924,0.0],"x":[-2065.95068359375,637.8200073242188,155.5321044921875],"yaw":0.0},"ball":{"v":[0.0,0.0,0.0],"w":[0.0,0.0,0.0],"x":[0.0,0.0,92.73999786376953]}}
{"car":{"boost":false,"boost_left":76,"dodge_dir":[2.3512056226468525e-38,2.3510604481259484e-38],"dodge_timer":-1.0,"double_jumped":false,"handbrake":false,"jump":true,"jump_timer":-1.0,"jumped":true,"o":[0.949664831161499,-0.3131354749202728,0.0091050760820508,0.31312108039855957,0.9497084617614746,0.00300210271961987,-0.009587232954800129,-0.0,0.9999540448188782],"on_ground":false,"pitch":0.0,"roll":0.0,"steer":0.0,"supersonic":false,"throttle":0.0,"time":963.47998046875,"v":[2.07099986076355,0.5709999799728394,331.609619140625],"w":[-0.00030999997397884727,0.0004099999787285924,0.0],"x":[-2065.9306640625,637.8200073242188,158.2939453125],"yaw":0.0},"ball":{"v":[0.0,0.0,0.0],"w":[0.0,0.0,0.0],"x":[0.0,0.0,92.73999786376953]}}
{"car":{"boost":false,"boost_left":76,"dodge_dir":[2.3512056226468525e-38,2.3510604481259484e-38],"dodge_timer":-1.0,"double_jumped":false,"handbrake":false,"jump":true,"jump_timer":-1.0,"jumped":true,"o":[0.949664831161499,-0.3131354749202728,0.0091050760820508,0.31312108039855957,0.9497084617614746,0.00300210271961987,-0.009587232954800129,-0.0,0.9999540448188782],"on_ground":false,"pitch":0.0,"roll":0.0,"steer":0.0,"supersonic":false,"throttle":0.0,"time":963.4883422851563,"v":[2.07099986076355,0.5709999799728394,326.1894836425781],"w":[-0.00030999997397884727,0.0004099999787285924,0.0],"x":[-2065.91064453125,637.8200073242188,161.01541137695313],"yaw":0.0},"ball":{"v":[0.0,0.0,0.0],"w":[0.0,0.0,0.0],"x":[0.0,0.0,92.73999786376953]}}
{"car":{"boost":false,"boost_left":76,"dodge_dir":[2.3512056226468525e-38,2.3510604481259484e-38],"dodge_timer":-1.0,"double_jumped":false,"handbrake":false,"jump":true,"jump_timer":-1.0,"jumped":true,"o":[0.949664831161499,-0.3131354749202728,0.0091050760820508,0.31312108039855957,0.9497084617614746,0.00300210271961987,-0.009587232954800129,-0.0,0.9999540448188782],"on_ground":false,"pitch":0.0,"roll":0.0,"steer":0.0,"supersonic":false,"throttle":0.0,"time":963.4967041015625,"v":[2.07099986076355,0.5709999799728394,320.7558288574219],"w":[-0.00030999997397884727,0.0004099999787285924,0.0],"x":[-2065.890625,637.8200073242188,163.69387817382813],"yaw":0.0},"ball":{"v":[0.0,0.0,0.0],"w":[0.0,0.0,0.0],"x":[0.0,0.0,92.73999786376953]}}
{"car":{"boost":false,"boost_left":76,"dodge_dir":[2.3512056226468525e-38,2.3510604481259484e-38],"dodge_timer":-1.0,"double_jumped":false,"handbrake":false,"jump":true,"jump_timer":-1.0,"jumped":true,"o":[0.949664831161499,-0.3131354749202728,0.0091050760820508,0.31312108039855957,0.9497084617614746,0.00300210271961987,-0.009587232954800129,-0.0,0.9999540448188782],"on_ground":false,"pitch":0.0,"roll":0.0,"steer":0.0,"supersonic":false,"throttle":0.0,"time":963.5050659179688,"v":[2.07099986076355,0.5709999799728394,315.319580078125],"w":[-0.00030999997397884727,0.0004099999787285924,0.0],"x":[-2065.870361328125,637.8200073242188,166.3330535888672],"yaw":0.0},"ball":{"v":[0.0,0.0,0.0],"w":[0.0,0.0,0.0],"x":[0.0,0.0,92.73999786376953]}}
{"car":{"boost":false,"boost_left":76,"dodge_dir":[2.3512056226468525e-38,2.3510604481259484e-38],"dodge_timer":-1.0,"double_jumped":false,"handbrake":false,"jump":true,"jump_timer":-1.0,"jumped":true,"o":[0.949664831161499,-0.3131354749202728,0.0091050760820508,0.31312108039855957,0.9497084617614746,0.00300210271961987,-0.009587232954800129,-0.0,0.9999540448188782],"on_ground":false,"pitch":0.0,"roll":0.0,"steer":0.0,"supersonic":false,"throttle":0.0,"time":963.513427734375,"v":[2.07099986076355,0.5709999799728394,309.8684387207031],"w":[-0.00030999997397884727,0.0004099999787285924,0.0],"x":[-2065.850341796875,637.8200073242188,168.9293212890625],"yaw":0.0},"ball":{"v":[0.0,0.0,0.0],"w":[0.0,0.0,0.0],"x":[0.0,0.0,92.73999786376953]}}
{"car":{"boost":false,"boost_left":76,"dodge_dir":[2.3512056226468525e-38,2.3510604481259484e-38],"dodge_timer":-1.0,"double_jumped":false,"handbrake":false,"jump":true,"jump_timer":-1.0,"jumped":true,"o":[0.949664831161499,-0.3131354749202728,0.0091050760820508,0.31312108039855957,0.9497084617614746,0.00300210271961987,-0.009587232954800129,-0.0,0.9999540448188782],"on_ground":false,"pitch":0.0,"roll":0.0,"steer":0.0,"supersonic":false,"throttle":0.0,"time":963.5217895507813,"v":[2.07099986076355,0.5709999799728394,304.4372253417969],"w":[-0.00030999997397884727,0.0004099999787285924,0.0],"x":[-2065.830322265625,637.8200073242188,171.4755401611328],"yaw":0.0},"ball":{"v":[0.0,0.0,0.0],"w":[0.0,0.0,0.0],"x":[0.0,0.0,92.73999786376953]}}
{"car":{"boost":false,"boost_left":76,"dodge_dir":[2.3512056226468525e-38,2.3510604481259484e-38],"dodge_timer":-1.0,"double_jumped":false,"handbrake":false,"jump":true,"jump_timer":-1.0,"jumped":true,"o":[0.949664831161499,-0.3131354749202728,0.0091050760820508,0.31312108039855957,0.9497084617614746,0.00300210271961987,-0.009587232954800129,-0.0,0.9999540448188782],"on_ground":false,"pitch":0.0,"roll":0.0,"steer":0.0,"supersonic":false,"throttle":0.0,"time":963.5301513671875,"v":[2.07099986076355,0.5709999799728394,298.9969482421875],"w":[-0.00030999997397884727,0.0004099999787285924,0.0],"x":[-2065.810302734375,637.8200073242188,173.97592163085938],"yaw":0.0},"ball":{"v":[0.0,0.0,0.0],"w":[0.0,0.0,0.0],"x":[0.0,0.0,92.73999786376953]}}
{"car":{"boost":false,"boost_left":76,"dodge_dir":[2.3512056226468525e-38,2.3510604481259484e-38],"dodge_timer":-1.0,"double_jumped":false,"handbrake":false,"jump":true,"jump_timer":-1.0,"jumped":true,"o":[0.949664831161499,-0.3131354749202728,0.0091050760820508,0.31312108039855957,0.9497084617614746,0.00300210271961987,-0.009587232954800129,-0.0,0.9999540448188782],"on_ground":false,"pitch":0.0,"roll":0.0,"steer":0.0,"supersonic":false,"throttle":0.0,"time":963.5385131835938,"v":[2.07099986076355,0.5709999799728394,293.5767517089844],"w":[-0.00030999997397884727,0.0004099999787285924,0.0],"x":[-2065.790283203125,637.8200073242188,176.4267120361328],"yaw":0.0},"ball":{"v":[0.0,0.0,0.0],"w":[0.0,0.0,0.0],"x":[0.0,0.0,92.73999786376953]}}
{"car":{"boost":false,"boost_left":76,"dodge_dir":[2.3512056226468525e-38,2.3510604481259484e-38],"dodge_timer":-1.0,"double_jumped":false,"handbrake":false,"jump":true,"jump_timer":-1.0,"jumped":true,"o":[0.949664831161499,-0.3131354749202728,0.0091050760820508,0.31312108039855957,0.9497084617614746,0.00300210271961987,-0.009587232954800129,-0.0,0.9999540448188782],"on_ground":false,"pitch":0.0,"roll":0.0,"steer":0.0,"supersonic":false,"throttle":0.0,"time":963.5469360351563,"v":[2.07099986076355,0.5709999799728394,288.1316833496094],"w":[-0.00030999997397884727,0.0004099999787285924,0.0],"x":[-2065.770263671875,637.8200073242188,178.8386993408203],"yaw":0.0},"ball":{"v":[0.0,0.0,0.0],"w":[0.0,0.0,0.0],"x":[0.0,0.0,92.73999786376953]}}
{"car":{"boost":false,"boost_left":76,"dodge_dir":[2.3512056226468525e-38,2.3510604481259484e-38],"dodge_timer":-1.0,"double_jumped":false,"handbrake":false,"jump":true,"jump_timer":-1.0,"jumped":true,"o":[0.949664831161499,-0.3131354749202728,0.0091050760820508,0.31312108039855957,0.9497084617614746,0.00300210271961987,-0.009587232954800129,-0.0,0.9999540448188782],"on_ground":false,"pitch":0.0,"roll":0.0,"steer":0.0,"supersonic":false,"throttle":0.0,"time":963.5552978515625,"v":[2.07099986076355,0.5709999799728394,282.6656494140625],"w":[-0.00030999997397884727,0.0004099999787285924,0.0],"x":[-2065.75,637.8200073242188,181.21926879882813],"yaw":0.0},"ball":{"v":[0.0,0.0,0.0],"w":[0.0,0.0,0.0],"x":[0.0,0.0,92.73999786376953]}}
{"car":{"boost":true,"boost_left":76,"dodge_dir":[2.3512056226468525e-38,2.3510604481259484e-38],"dodge_timer":-1.0,"double_jumped":false,"handbrake":false,"jump":true,"jump_timer":-1.0,"jumped":true,"o":[0.949664831161499,-0.3131354749202728,0.0091050760820508,0.31312108039855957,0.9497084617614746,0.00300210271961987,-0.009587232954800129,-0.0,0.9999540448188782],"on_ground":false,"pitch":0.0,"roll":0.0,"steer":0.0,"supersonic":false,"throttle":0.0,"time":963.5638427734375,"v":[2.07099986076355,0.5709999799728394,277.2370300292969],"w":[-0.00030999997397884727,0.0004099999787285924,0.0],"x":[-2065.72998046875,637.8200073242188,183.5331573486328],"yaw":0.0},"ball":{"v":[0.0,0.0,0.0],"w":[0.0,0.0,0.0],"x":[0.0,0.0,92.73999786376953]}}
{"car":{"boost":true,"boost_left":76,"dodge_dir":[2.3512056226468525e-38,2.3510604481259484e-38],"dodge_timer":-1.0,"double_jumped":false,"handbrake":false,"jump":true,"jump_timer":-1.0,"jumped":true,"o":[0.949664831161499,-0.3131354749202728,0.0091050760820508,0.31312108039855957,0.9497084617614746,0.00300210271961987,-0.009587232954800129,-0.0,0.9999540448188782],"on_ground":false,"pitch":0.0,"roll":0.0,"steer":0.0,"supersonic":false,"throttle":0.0,"time":963.5722045898438,"v":[10.099833488464355,3.2132673263549805,271.596923828125],"w":[-0.00030999997397884727,0.0004099999787285924,0.0],"x":[-2065.646484375,637.85107421875,185.85008239746094],"yaw":0.0},"ball":{"v":[0.0,0.0,0.0],"w":[0.0,0.0,0.0],"x":[0.0,0.0,92.73999786376953]}}
{"car":{"boost":true,"boost_left":76,"dodge_dir":[2.3512056226468525e-38,2.3510604481259484e-38],"dodge_timer":-1.0,"double_jumped":false,"handbrake":false,"jump":true,"jump_timer":-1.0,"jumped":true,"o":[0.949664831161499,-0.3131354749202728,0.0091050760820508,0.31312108039855957,0.9497084617614746,0.00300210271961987,-0.009587232954800129,-0.0,0.9999540448188782],"on_ground":false,"pitch":0.0,"roll":0.0,"steer":0.0,"supersonic":false,"throttle":0.0,"time":963.58056640625,"v":[18.47040367126465,5.973455905914307,266.0965576171875],"w":[-0.00030999997397884727,0.0004099999787285924,0.0],"x":[-2065.4951171875,637.9015502929688,188.069091796875],"yaw":0.0},"ball":{"v":[0.0,0.0,0.0],"w":[0.0,0.0,0.0],"x":[0.0,0.0,92.73999786376953]}}
{"car":{"boost":true,"boost_left":75,"dodge_dir":[2.3512056226468525e-38,2.3510604481259484e-38],"dodge_timer":-1.0,"double_jumped":false,"handbrake":false,"jump":true,"jump_timer":-1.0,"jumped":true,"o":[0.949664831161499,-0.3131354749202728,0.0091050760820508,0.31312108039855957,0.9497084617614746,0.00300210271961987,-0.009587232954800129,-0.0,0.9999540448188782],"on_ground":false,"pitch":0.0,"roll":0.0,"steer":0.0,"supersonic":false,"throttle":0.0,"time":963.5889282226563,"v":[26.840662002563477,8.733541488647461,260.59637451171875],"w":[-0.00030999997397884727,0.0004099999787285924,0.0],"x":[-2065.2734375,637.9722290039063,190.23826599121094],"yaw":0.0},"ball":{"v":[0.0,0.0,0.0],"w":[0.0,0.0,0.0],"x":[0.0,0.0,92.73999786376953]}}
{"car":{"boost":true,"boost_left":75,"dodge_dir":[2.3512056226468525e-38,2.3510604481259484e-38],"dodge_timer":-1.0,"double_jumped":false,"handbrake":false,"jump":true,"jump_timer":-1.0,"jumped":true,"o":[0.949664831161499,-0.3131354749202728,0.0091050760820508,0.31312108039855957,0.9497084617614746,0.00300210271961987,-0.009587232954800129,-0.0,0.9999540448188782],"on_ground":false,"pitch":0.0,"roll":0.0,"steer":0.0,"supersonic":false,"throttle":0.0,"time":963.5972900390625,"v":[35.224273681640625,11.498028755187988,255.08743286132813],"w":[-0.00030999997397884727,0.0004099999787285924,0.0],"x":[-2064.981201171875,638.0729370117188,192.37051391601563],"yaw":0.0},"ball":{"v":[0.0,0.0,0.0],"w":[0.0,0.0,0.0],"x":[0.0,0.0,92.73999786376953]}}
{"car":{"boost":false,"boost_left":75,"dodge_dir":[2.3512056226468525e-38,2.3510604481259484e-38],"dodge_timer":-1.0,"double_jumped":false,"handbrake":false,"jump":true,"jump_timer":-1.0,"jumped":true,"o":[0.949664831161499,-0.3131354749202728,0.0091050760820508,0.31312108039855957,0.9497084617614746,0.00300210271961987,-0.009587232954800129,-0.0,0.9999540448188782],"on_ground":false,"pitch":0.0,"roll":0.0,"steer":0.0,"supersonic":false,"throttle":0.0,"time":963.6056518554688,"v":[43.59484100341797,14.258216857910156,249.58706665039063],"w":[-0.00030999997397884727,0.0004099999787285924,0.0],"x":[-2064.619384765625,638.1934204101563,194.44967651367188],"yaw":0.0},"ball":{"v":[0.0,0.0,0.0],"w":[0.0,0.0,0.0],"x":[0.0,0.0,92.73999786376953]}}
{"car":{"boost":false,"boost_left":74,"dodge_dir":[2.3512056226468525e-38,2.3510604481259484e-38],"dodge_timer":-1.0,"double_jumped":false,"handbrake":false,"jump":true,"jump_timer":-1.0,"jumped":true,"o":[0.949664831161499,-0.3131354749202728,0.0091050760820508,0.31312108039855957,0.9497084617614746,0.00300210271961987,-0.009587232954800129,-0.0,0.9999540448188782],"on_ground":false,"pitch":0.0,"roll":0.0,"steer":0.0,"supersonic":false,"throttle":0.0,"time":963.6140747070313,"v":[52.0203742980957,17.036527633666992,244.05056762695313],"w":[-0.00030999997397884727,0.0004099999787285924,0.0],"x":[-2064.1845703125,638.3348999023438,196.5016632080078],"yaw":0.0},"ball":{"v":[0.0,0.0,0.0],"w":[0.0,0.0,0.0],"x":[0.0,0.0,92.73999786376953]}}
{"car":{"boost":false,"boost_left":74,"dodge_dir":[2.3512056226468525e-38,2.3510604481259484e-38],"dodge_timer":-1.0,"double_jumped":false,"handbrake":false,"jump":true,"jump_timer":-1.0,"jumped":true,"o":[0.949664831161499,-0.3131354749202728,0.0091050760820508,0.31312108039855957,0.9497084617614746,0.00300210271961987,-0.009587232954800129,-0.0,0.9999540448188782],"on_ground":false,"pitch":0.0,"roll":0.0,"steer":0.0,"supersonic":false,"throttle":0.0,"time":963.6224365234375,"v":[60.452117919921875,19.8168888092041,238.50999450683594],"w":[-0.00030999997397884727,0.0004099999787285924,0.0],"x":[-2063.677978515625,638.4972534179688,198.50442504882813],"yaw":0.0},"ball":{"v":[0.0,0.0,0.0],"w":[0.0,0.0,0.0],"x":[0.0,0.0,92.73999786376953]}}
{"car":{"boost":false,"boost_left":74,"dodge_dir":[2.3512056226468525e-38,2.3510604481259484e-38],"dodge_timer":-1.0,"double_jumped":false,"handbrake":false,"jump":true,"jump_timer":-1.0,"jumped":true,"o":[0.949664831161499,-0.3131354749202728,0.0091050760820508,0.31312108039855957,0.9497084617614746,0.00300210271961987,-0.009587232954800129,-0.0,0.9999540448188782],"on_ground":false,"pitch":0.0,"roll":0.0,"steer":0.0,"supersonic":false,"throttle":0.0,"time":963.630859375,"v":[68.82238006591797,22.57697296142578,233.00982666015625],"w":[-0.00030999997397884727,0.0004099999787285924,0.0],"x":[-2063.105224609375,638.6880493164063,200.4429473876953],"yaw":0.0},"ball":{"v":[0.0,0.0,0.0],"w":[0.0,0.0,0.0],"x":[0.0,0.0,92.73999786376953]}}
{"car":{"boost":false,"boost_left":74,"dodge_dir":[2.3512056226468525e-38,2.3510604481259484e-38],"dodge_timer":-1.0,"double_jumped":false,"handbrake":false,"jump":true,"jump_timer":-1.0,"jumped":true,"o":[0.949664831161499,-0.3131354749202728,0.0091050760820508,0.31312108039855957,0.9497084617614746,0.00300210271961987,-0.009587232954800129,-0.0,0.9999540448188782],"on_ground":false,"pitch":0.0,"roll":0.0,"steer":0.0,"supersonic":false,"throttle":0.0,"time":963.6392211914063,"v":[77.27430725097656,25.363990783691406,227.45599365234375],"w":[-0.00030999997397884727,0.0004099999787285924,0.0],"x":[-2062.455810546875,638.901123046875,202.359130859375],"yaw":0.0},"ball":{"v":[0.0,0.0,0.0],"w":[0.0,0.0,0.0],"x":[0.0,0.0,92.73999786376953]}}
{"car":{"boost":false,"boost_left":73,"dodge_dir":[2.3512056226468525e-38,2.3510604481259484e-38],"dodge_timer":-1.0,"double_jumped":false,"handbrake":false,"jump":true,"jump_timer":-1.0,"jumped":true,"o":[0.949664831161499,-0.3131354749202728,0.0091050760820508,0.31312108039855957,0.9497084617614746,0.00300210271961987,-0.009587232954800129,-0.0,0.9999540448188782],"on_ground":false,"pitch":0.0,"roll":0.0,"steer":0.0,"supersonic":false,"throttle":0.0,"time":963.647705078125,"v":[85.65885162353516,28.128786087036133,221.94642639160156],"w":[-0.00030999997397884727,0.0004099999787285924,0.0],"x":[-2061.740966796875,639.1329956054688,204.21035766601563],"yaw":0.0},"ball":{"v":[0.0,0.0,0.0],"w":[0.0,0.0,0.0],"x":[0.0,0.0,92.73999786376953]}}
{"car":{"boost":false,"boost_left":73,"dodge_dir":[2.3512056226468525e-38,2.3510604481259484e-38],"dodge_timer":-1.0,"double_jumped":false,"handbrake":false,"jump":true,"jump_timer":-1.0,"jumped":true,"o":[0.949664831161499,-0.3131354749202728,0.0091050760820508,0.31312108039855957,0.9497084617614746,0.00300210271961987,-0.009587232954800129,-0.0,0.9999540448188782],"on_ground":false,"pitch":0.0,"roll":0.0,"steer":0.0,"supersonic":false,"throttle":0.0,"time":963.6560668945313,"v":[94.18283081054688,30.939559936523438,216.3452606201172],"w":[-0.00030999997397884727,0.0004099999787285924,0.0],"x":[-2060.94189453125,639.3991088867188,206.05023193359375],"yaw":0.0},"ball":{"v":[0.0,0.0,0.0],"w":[0.0,0.0,0.0],"x":[0.0,0.0,92.73999786376953]}}
{"car":{"boost":false,"boost_left":73,"dodge_dir":[2.3512056226468525e-38,2.3510604481259484e-38],"dodge_timer":-1.0,"double_jumped":false,"handbrake":false,"jump":true,"jump_timer":-1.0,"jumped":true,"o":[0.949664831161499,-0.3131354749202728,0.0091050760820508,0.31312108039855957,0.9497084617614746,0.00300210271961987,-0.009587232954800129,-0.0,0.9999540448188782],"on_ground":false,"pitch":0.0,"roll":0.0,"steer":0.0,"supersonic":false,"throttle":0.0,"time":963.6644287109375,"v":[102.01654052734375,33.52261734008789,210.84986877441406],"w":[-0.00030999997397884727,0.0004099999787285924,0.0],"x":[-2060.091796875,639.6791381835938,207.80755615234375],"yaw":0.0},"ball":{"v":[0.0,0.0,0.0],"w":[0.0,0.0,0.0],"x":[0.0,0.0,92.73999786376953]}}
{"car":{"boost":false,"boost_left":73,"dodge_dir":[2.3512056226468525e-38,2.3510604481259484e-38],"dodge_timer":-1.0,"double_jumped":false,"handbrake":false,"jump":true,"jump_timer":-1.0,"jumped":true,"o":[0.949664831161499,-0.3131354749202728,0.0091050760820508,0.31312108039855957,0.9497084617614746,0.00300210271961987,-0.009587232954800129,-0.0,0.9999540448188782],"on_ground":false,"pitch":0.0,"roll":0.0,"steer":0.0,"supersonic":false,"throttle":0.0,"time":963.6728515625,"v":[102.5009994506836,33.680999755859375,205.42037963867188],"w":[-0.00030999997397884727,0.0004099999787285924,0.0],"x":[-2059.241943359375,639.9591674804688,209.52418518066406],"yaw":0.0},"ball":{"v":[0.0,0.0,0.0],"w":[0.0,0.0,0.0],"x":[0.0,0.0,92.73999786376953]}}
{"car":{"boost":false,"boost_left":73,"dodge_dir":[2.3512056226468525e-38,2.3510604481259484e-38],"dodge_timer":-1.0,"double_jumped":false,"handbrake":false,"jump":true,"jump_timer":-1.0,"jumped":true,"o":[0.949664831161499,-0.3131354749202728,0.0091050760820508,0.31312108039855957,0.9497084617614746,0.00300210271961987,-0.009587232954800129,-0.0,0.9999540448188782],"on_ground":false,"pitch":0.0,"roll":0.0,"steer":0.0,"supersonic":false,"throttle":0.0,"time":963.6812133789063,"v":[102.5009994506836,33.680999755859375,199.9386749267578],"w":[-0.00030999997397884727,0.0004099999787285924,0.0],"x":[-2058.382080078125,640.2423095703125,211.20921325683594],"yaw":0.0},"ball":{"v":[0.0,0.0,0.0],"w":[0.0,0.0,0.0],"x":[0.0,0.0,92.73999786376953]}}
{"car":{"boost":false,"boost_left":73,"dodge_dir":[2.3512056226468525e-38,2.3510604481259484e-38],"dodge_timer":-1.0,"double_jumped":false,"handbrake":false,"jump":true,"jump_timer":-1.0,"jumped":true,"o":[0.949664831161499,-0.3131354749202728,0.0091050760820508,0.31312108039855957,0.9497084617614746,0.00300210271961987,-0.009587232954800129,-0.0,0.9999540448188782],"on_ground":false,"pitch":0.0,"roll":0.0,"steer":0.0,"supersonic":false,"throttle":0.0,"time":963.6895751953125,"v":[102.5009994506836,33.680999755859375,194.5185089111328],"w":[-0.00030999997397884727,0.0004099999787285924,0.0],"x":[-2057.531982421875,640.5223388671875,212.82608032226563],"yaw":0.0},"ball":{"v":[0.0,0.0,0.0],"w":[0.0,0.0,0.0],"x":[0.0,0.0,92.73999786376953]}}
{"car":{"boost":false,"boost_left":73,"dodge_dir":[2.3512056226468525e-38,2.3510604481259484e-38],"dodge_timer":-1.0,"double_jumped":false,"handbrake":false,"jump":true,"jump_timer":-1.0,"jumped":true,"o":[0.949664831161499,-0.3131354749202728,0.0091050760820508,0.31312108039855957,0.9497084617614746,0.00300210271961987,-0.009587232954800129,-0.0,0.9999540448188782],"on_ground":false,"pitch":0.0,"roll":0.0,"steer":0.0,"supersonic":false,"throttle":0.0,"time":963.6979370117188,"v":[102.5009994506836,33.680999755859375,189.0983428955078],"w":[-0.00030999997397884727,0.0004099999787285924,0.0],"x":[-2056.68212890625,640.8023071289063,214.40213012695313],"yaw":0.0},"ball":{"v":[0.0,0.0,0.0],"w":[0.0,0.0,0.0],"x":[0.0,0.0,92.73999786376953]}}
{"car":{"boost":false,"boost_left":73,"dodge_dir":[2.3512056226468525e-38,2.3510604481259484e-38],"dodge_timer":-1.0,"double_jumped":false,"handbrake":false,"jump":true,"jump_timer":-1.0,"jumped":true,"o":[0.949664831161499,-0.3131354749202728,0.0091050760820508,0.31312108039855957,0.9497084617614746,0.00300210271961987,-0.009587232954800129,-0.0,0.9999540448188782],"on_ground":false,"pitch":0.0,"roll":0.0,"steer":0.0,"supersonic":false,"throttle":0.0,"time":963.706298828125,"v":[102.5009994506836,33.680999755859375,183.6781768798828],"w":[-0.00030999997397884727,0.0004099999787285924,0.0],"x":[-2055.83203125,641.0823364257813,215.92898559570313],"yaw":0.0},"ball":{"v":[0.0,0.0,0.0],"w":[0.0,0.0,0.0],"x":[0.0,0.0,92.73999786376953]}}
{"car":{"boost":false,"boost_left":73,"dodge_dir":[2.3512056226468525e-38,2.3510604481259484e-38],"dodge_timer":-1.0,"double_jumped":false,"handbrake":false,"jump":true,"jump_timer":-1.0,"jumped":true,"o":[0.949664831161499,-0.3131354749202728,0.0091050760820508,0.31312108039855957,0.9497084617614746,0.00300210271961987,-0.009587232954800129,-0.0,0.9999540448188782],"on_ground":false,"pitch":0.0,"roll":0.0,"steer":0.0,"supersonic":false,"throttle":0.0,"time":963.7146606445313,"v":[102.5009994506836,33.680999755859375,178.2580108642578],"w":[-0.00030999997397884727,0.0004099999787285924,0.0],"x":[-2054.982177734375,641.3623657226563,217.41502380371094],"yaw":0.0},"ball":{"v":[0.0,0.0,0.0],"w":[0.0,0.0,0.0],"x":[0.0,0.0,92.73999786376953]}}
{"car":{"boost":false,"boost_left":73,"dodge_dir":[2.3512056226468525e-38,2.3510604481259484e-38],"dodge_timer":-1.0,"double_jumped":false,"handbrake":false,"jump":true,"jump_timer":-1.0,"jumped":true,"o":[0.949664831161499,-0.3131354749202728,0.0091050760820508,0.31312108039855957,0.9497084617614746,0.00300210271961987,-0.009587232954800129,-0.0,0.9999540448188782],"on_ground":false,"pitch":0.0,"roll":0.0,"steer":0.0,"supersonic":false,"throttle":0.0,"time":963.7230224609375,"v":[102.5009994506836,33.680999755859375,172.80767822265625],"w":[-0.00030999997397884727,0.0004099999787285924,0.0],"x":[-2054.127197265625,641.6439208984375,218.8596649169922],"yaw":0.0},"ball":{"v":[0.0,0.0,0.0],"w":[0.0,0.0,0.0],"x":[0.0,0.0,92.73999786376953]}}
{"car":{"boost":false,"boost_left":73,"dodge_dir":[2.3512056226468525e-38,2.3510604481259484e-38],"dodge_timer":-1.0,"double_jumped":false,"handbrake":false,"jump":true,"jump_timer":-1.0,"jumped":true,"o":[0.949664831161499,-0.3131354749202728,0.0091050760820508,0.31312108039855957,0.9497084617614746,0.00300210271961987,-0.009587232954800129,-0.0,0.9999540448188782],"on_ground":false,"pitch":0.0,"roll":0.0,"steer":0.0,"supersonic":false,"throttle":0.0,"time":963.7315673828125,"v":[102.5009994506836,33.680999755859375,167.3788604736328],"w":[-0.00030999997397884727,0.0004099999787285924,0.0],"x":[-2053.27587890625,641.9243774414063,220.25759887695313],"yaw":0.0},"ball":{"v":[0.0,0.0,0.0],"w":[0.0,0.0,0.0],"x":[0.0,0.0,92.73999786376953]}}
