{"car":{"boost":false,"boost_left":96,"dodge_dir":[2.3512056226468525e-38,2.3510604481259484e-38],"dodge_timer":-1.0,"double_jumped":false,"handbrake":false,"jump":false,"jump_timer":-1.0,"jumped":false,"o":[0.949664831161499,-0.3131354749202728,0.0091050760820508,0.31312108039855957,0.9497084617614746,0.00300210271961987,-0.009587232954800129,-0.0,0.9999540448188782],"on_ground":true,"pitch":0.0,"roll":0.0,"steer":0.0,"supersonic":false,"throttle":0.0,"time":946.1419677734375,"v":[0.0,0.0,8.321000099182129],"w":[-0.00030999997397884727,0.0002099999983329326,0.0],"x":[-2755.010009765625,413.3699951171875,17.010000228881836],"yaw":0.0},"ball":{"v":[0.0,0.0,0.0],"w":[0.0,0.0,0.0],"x":[0.0,0.0,92.73999786376953]}}
{"car":{"boost":false,"boost_left":96,"dodge_dir":[2.3512056226468525e-38,2.3510604481259484e-38],"dodge_timer":-1.0,"double_jumped":false,"handbrake":false,"jump":false,"jump_timer":-1.0,"jumped":false,"o":[0.949664831161499,-0.3131354749202728,0.0091050760820508,0.31312108039855957,0.9497084617614746,0.00300210271961987,-0.009587232954800129,-0.0,0.9999540448188782],"on_ground":true,"pitch":0.0,"roll":0.0,"steer":0.0,"supersonic":false,"throttle":0.0,"time":946.1588134765625,"v":[0.0,0.0,8.321000099182129],"w":[-0.00030999997397884727,0.0002099999983329326,0.0],"x":[-2755.010009765625,413.3699951171875,17.010000228881836],"yaw":0.0},"ball":{"v":[0.0,0.0,0.0],"w":[0.0,0.0,0.0],"x":[0.0,0.0,92.73999786376953]}}
{"car":{"boost":false,"boost_left":96,"dodge_dir":[2.3512056226468525e-38,2.3510604481259484e-38],"dodge_timer":-1.0,"double_jumped":false,"handbrake":false,"jump":false,"jump_timer":-1.0,"jumped":false,"o":[0.949664831161499,-0.3131354749202728,0.0091050760820508,0.31312108039855957,0.9497084617614746,0.00300210271961987,-0.009587232954800129,-0.0,0.9999540448188782],"on_ground":true,"pitch":0.0,"roll":0.0,"steer":0.0,"supersonic":false,"throttle":0.0,"time":946.1671752929688,"v":[0.0,0.0,8.321000099182129],"w":[-0.00030999997397884727,0.0002099999983329326,0.0],"x":[-2755.010009765625,413.3699951171875,17.010000228881836],"yaw":0.0},"ball":{"v":[0.0,0.0,0.0],"w":[0.0,0.0,0.0],"x":[0.0,0.0,92.73999786376953]}}
{"car":{"boost":false,"boost_left":96,"dodge_dir":[2.3512056226468525e-38,2.3510604481259484e-38],"dodge_timer":-1.0,"double_jumped":false,"handbrake":false,"jump":false,"jump_timer":-1.0,"jumped":false,"o":[0.949664831161499,-0.3131354749202728,0.0091050760820508,0.31312108039855957,0.9497084617614746,0.00300210271961987,-0.009587232954800129,-0.0,0.9999540448188782],"on_ground":true,"pitch":0.0,"roll":0.0,"steer":0.0,"supersonic":false,"throttle":0.0,"time":946.1838989257813,"v":[0.0,0.0,8.321000099182129],"w":[-0.00030999997397884727,0.0002099999983329326,0.0],"x":[-2755.010009765625,413.3699951171875,17.010000228881836],"yaw":0.0},"ball":{"v":[0.0,0.0,0.0],"w":[0.0,0.0,0.0],"x":[0.0,0.0,92.73999786376953]}}
{"car":{"boost":false,"boost_left":96,"dodge_dir":[2.3512056226468525e-38,2.3510604481259484e-38],"dodge_timer":-1.0,"double_jumped":false,"handbrake":false,"jump":false,"jump_timer":-1.0,"jumped":false,"o":[0.949664831161499,-0.3131354749202728,0.0091050760820508,0.31312108039855957,0.9497084617614746,0.00300210271961987,-0.009587232954800129,-0.0,0.9999540448188782],"on_ground":true,"pitch":0.0,"roll":0.0,"steer":0.0,"supersonic":false,"throttle":0.0,"time":946.1922607421875,"v":[0.0,0.0,8.321000099182129],"w":[-0.00030999997397884727,0.0002099999983329326,0.0],"x":[-2755.010009765625,413.3699951171875,17.010000228881836],"yaw":0.0},"ball":{"v":[0.0,0.0,0.0],"w":[0.0,0.0,0.0],"x":[0.0,0.0,92.73999786376953]}}
{"car":{"boost":false,"boost_left":96,"dodge_dir":[2.3512056226468525e-38,2.3510604481259484e-38],"dodge_timer":-1.0,"double_jumped":false,"handbrake":false,"jump":false,"jump_timer":-1.0,"jumped":false,"o":[0.949664831161499,-0.3131354749202728,0.0091050760820508,0.31312108039855957,0.9497084617614746,0.00300210271961987,-0.009587232954800129,-0.0,0.9999540448188782],"on_ground":true,"pitch":0.0,"roll":0.0,"steer":0.0,"supersonic":false,"throttle":0.0,"time":946.208984375,"v":[0.0,0.0,8.321000099182129],"w":[-0.00030999997397884727,0.0002099999983329326,0.0],"x":[-2755.010009765625,413.3699951171875,17.010000228881836],"yaw":0.0},"ball":{"v":[0.0,0.0,0.0],"w":[0.0,0.0,0.0],"x":[0.0,0.0,92.73999786376953]}}
{"car":{"boost":false,"boost_left":96,"dodge_dir":[2.3512056226468525e-38,2.3510604481259484e-38],"dodge_timer":-1.0,"double_jumped":false,"handbrake":false,"jump":false,"jump_timer":-1.0,"jumped":false,"o":[0.949664831161499,-0.3131354749202728,0.0091050760820508,0.31312108039855957,0.9497084617614746,0.00300210271961987,-0.009587232954800129,-0.0,0.9999540448188782],"on_ground":true,"pitch":0.0,"roll":0.0,"steer":0.0,"supersonic":false,"throttle":0.0,"time":946.2173461914063,"v":[0.0,0.0,8.321000099182129],"w":[-0.00030999997397884727,0.0002099999983329326,0.0],"x":[-2755.010009765625,413.3699951171875,17.010000228881836],"yaw":0.0},"ball":{"v":[0.0,0.0,0.0],"w":[0.0,0.0,0.0],"x":[0.0,0.0,92.73999786376953]}}
{"car":{"boost":false,"boost_left":96,"dodge_dir":[2.3512056226468525e-38,2.3510604481259484e-38],"dodge_timer":-1.0,"double_jumped":false,"handbrake":false,"jump":false,"jump_timer":-1.0,"jumped":false,"o":[0.949664831161499,-0.3131354749202728,0.0091050760820508,0.31312108039855957,0.9497084617614746,0.00300210271961987,-0.009587232954800129,-0.0,0.9999540448188782],"on_ground":true,"pitch":0.0,"roll":0.0,"steer":0.0,"supersonic":false,"throttle":0.0,"time":946.2257080078125,"v":[0.0,0.0,8.321000099182129],"w":[-0.00030999997397884727,0.0002099999983329326,0.0],"x":[-2755.010009765625,413.3699951171875,17.010000228881836],"yaw":0.0},"ball":{"v":[0.0,0.0,0.0],"w":[0.0,0.0,0.0],"x":[0.0,0.0,92.73999786376953]}}
{"car":{"boost":false,"boost_left":96,"dodge_dir":[2.3512056226468525e-38,2.3510604481259484e-38],"dodge_timer":-1.0,"double_jumped":false,"handbrake":false,"jump":false,"jump_timer":-1.0,"jumped":false,"o":[0.949664831161499,-0.3131354749202728,0.0091050760820508,0.31312108039855957,0.9497084617614746,0.00300210271961987,-0.009587232954800129,-0.0,0.9999540448188782],"on_ground":true,"pitch":0.0,"roll":0.0,"steer":0.0,"supersonic":false,"throttle":0.0,"time":946.2425537109375,"v":[0.0,0.0,8.321000099182129],"w":[-0.00030999997397884727,0.0002099999983329326,0.0],"x":[-2755.010009765625,413.3699951171875,17.010000228881836],"yaw":0.0},"ball":{"v":[0.0,0.0,0.0],"w":[0.0,0.0,0.0],"x":[0.0,0.0,92.73999786376953]}}
{"car":{"boost":false,"boost_left":96,"dodge_dir":[2.3512056226468525e-38,2.3510604481259484e-38],"dodge_timer":-1.0,"double_jumped":false,"handbrake":false,"jump":false,"jump_timer":-1.0,"jumped":false,"o":[0.949664831161499,-0.3131354749202728,0.0091050760820508,0.31312108039855957,0.9497084617614746,0.00300210271961987,-0.009587232954800129,-0.0,0.9999540448188782],"on_ground":true,"pitch":0.0,"roll":0.0,"steer":0.0,"supersonic":false,"throttle":0.0,"time":946.2509155273438,"v":[0.0,0.0,8.321000099182129],"w":[-0.00030999997397884727,0.0002099999983329326,0.0],"x":[-2755.010009765625,413.3699951171875,17.010000228881836],"yaw":0.0},"ball":{"v":[0.0,0.0,0.0],"w":[0.0,0.0,0.0],"x":[0.0,0.0,92.73999786376953]}}
{"car":{"boost":false,"boost_left":96,"dodge_dir":[2.3512056226468525e-38,2.3510604481259484e-38],"dodge_timer":-1.0,"double_jumped":false,"handbrake":false,"jump":false,"jump_timer":-1.0,"jumped":false,"o":[0.949664831161499,-0.3131354749202728,0.0091050760820508,0.31312108039855957,0.9497084617614746,0.00300210271961987,-0.009587232954800129,-0.0,0.9999540448188782],"on_ground":true,"pitch":0.0,"roll":0.0,"steer":0.0,"supersonic":false,"throttle":0.0,"time":946.2677612304688,"v":[0.0,0.0,8.321000099182129],"w":[-0.00030999997397884727,0.0002099999983329326,0.0],"x":[-2755.010009765625,413.3699951171875,17.010000228881836],"yaw":0.0},"ball":{"v":[0.0,0.0,0.0],"w":[0.0,0.0,0.0],"x":[0.0,0.0,92.73999786376953]}}
{"car":{"boost":false,"boost_left":96,"dodge_dir":[2.3512056226468525e-38,2.3510604481259484e-38],"dodge_timer":-1.0,"double_jumped":false,"handbrake":false,"jump":false,"jump_timer":-1.0,"jumped":false,"o":[0.949664831161499,-0.3131354749202728,0.0091050760820508,0.31312108039855957,0.9497084617614746,0.00300210271961987,-0.009587232954800129,-0.0,0.9999540448188782],"on_ground":true,"pitch":0.0,"roll":0.0,"steer":0.0,"supersonic":false,"throttle":0.0,"time":946.276123046875,"v":[0.0,0.0,8.321000099182129],"w":[-0.00030999997397884727,0.0002099999983329326,0.0],"x":[-2755.010009765625,413.3699951171875,17.010000228881836],"yaw":0.0},"ball":{"v":[0.0,0.0,0.0],"w":[0.0,0.0,0.0],"x":[0.0,0.0,92.73999786376953]}}
{"car":{"boost":false,"boost_left":96,"dodge_dir":[2.3512056226468525e-38,2.3510604481259484e-38],"dodge_timer":-1.0,"double_jumped":false,"handbrake":false,"jump":false,"jump_timer":-1.0,"jumped":false,"o":[0.949664831161499,-0.3131354749202728,0.0091050760820508,0.31312108039855957,0.9497084617614746,0.00300210271961987,-0.009587232954800129,-0.0,0.9999540448188782],"on_ground":true,"pitch":0.0,"roll":0.0,"steer":0.0,"supersonic":false,"throttle":0.0,"time":946.2928466796875,"v":[0.0,0.0,8.321000099182129],"w":[-0.00030999997397884727,0.0002099999983329326,0.0],"x":[-2755.010009765625,413.3699951171875,17.010000228881836],"yaw":0.0},"ball":{"v":[0.0,0.0,0.0],"w":[0.0,0.0,0.0],"x":[0.0,0.0,92.73999786376953]}}
{"car":{"boost":false,"boost_left":96,"dodge_dir":[2.3512056226468525e-38,2.3510604481259484e-38],"dodge_timer":-1.0,"double_jumped":false,"handbrake":false,"jump":false,"jump_timer":-1.0,"jumped":false,"o":[0.949664831161499,-0.3131354749202728,0.0091050760820508,0.31312108039855957,0.9497084617614746,0.00300210271961987,-0.009587232954800129,-0.0,0.9999540448188782],"on_ground":true,"pitch":0.0,"roll":0.0,"steer":0.0,"supersonic":false,"throttle":0.0,"time":946.3012084960938,"v":[0.0,0.0,8.321000099182129],"w":[-0.00030999997397884727,0.0002099999983329326,0.0],"x":[-2755.010009765625,413.3699951171875,17.010000228881836],"yaw":0.0},"ball":{"v":[0.0,0.0,0.0],"w":[0.0,0.0,0.0],"x":[0.0,0.0,92.73999786376953]}}
{"car":{"boost":false,"boost_left":96,"dodge_dir":[2.3512056226468525e-38,2.3510604481259484e-38],"dodge_timer":-1.0,"double_jumped":false,"handbrake":false,"jump":false,"jump_timer":-1.0,"jumped":false,"o":[0.949664831161499,-0.3131354749202728,0.0091050760820508,0.31312108039855957,0.9497084617614746,0.00300210271961987,-0.009587232954800129,-0.0,0.9999540448188782],"on_ground":true,"pitch":0.0,"roll":0.0,"steer":0.0,"supersonic":false,"throttle":0.0,"time":946.3095703125,"v":[0.0,0.0,8.321000099182129],"w":[-0.00030999997397884727,0.0002099999983329326,0.0],"x":[-2755.010009765625,413.3699951171875,17.010000228881836],"yaw":0.0},"ball":{"v":[0.0,0.0,0.0],"w":[0.0,0.0,0.0],"x":[0.0,0.0,92.73999786376953]}}
{"car":{"boost":false,"boost_left":96,"dodge_dir":[2.3512056226468525e-38,2.3510604481259484e-38],"dodge_timer":-1.0,"double_jumped":false,"handbrake":false,"jump":false,"jump_timer":-1.0,"jumped":false,"o":[0.949664831161499,-0.3131354749202728,0.0091050760820508,0.31312108039855957,0.9497084617614746,0.00300210271961987,-0.009587232954800129,-0.0,0.9999540448188782],"on_ground":true,"pitch":0.0,"roll":0.0,"steer":0.0,"supersonic":false,"throttle":0.0,"time":946.3262939453125,"v":[0.0,0.0,8.321000099182129],"w":[-0.00030999997397884727,0.0002099999983329326,0.0],"x":[-2755.010009765625,413.3699951171875,17.010000228881836],"yaw":0.0},"ball":{"v":[0.0,0.0,0.0],"w":[0.0,0.0,0.0],"x":[0.0,0.0,92.73999786376953]}}
{"car":{"boost":false,"boost_left":96,"dodge_dir":[2.3512056226468525e-38,2.3510604481259484e-38],"dodge_timer":-1.0,"double_jumped":false,"handbrake":false,"jump":false,"jump_timer":-1.0,"jumped":false,"o":[0.949664831161499,-0.3131354749202728,0.0091050760820508,0.31312108039855957,0.9497084617614746,0.00300210271961987,-0.009587232954800129,-0.0,0.9999540448188782],"on_ground":true,"pitch":0.0,"roll":0.0,"steer":0.0,"supersonic":false,"throttle":0.0,"time":946.3346557617188,"v":[0.0,0.0,8.321000099182129],"w":[-0.00030999997397884727,0.0002099999983329326,0.0],"x":[-2755.010009765625,413.3699951171875,17.010000228881836],"yaw":0.0},"ball":{"v":[0.0,0.0,0.0],"w":[0.0,0.0,0.0],"x":[0.0,0.0,92.73999786376953]}}
{"car":{"boost":false,"boost_left":96,"dodge_dir":[2.3512056226468525e-38,2.3510604481259484e-38],"dodge_timer":-1.0,"double_jumped":false,"handbrake":false,"jump":false,"jump_timer":-1.0,"jumped":false,"o":[0.949664831161499,-0.3131354749202728,0.0091050760820508,0.31312108039855957,0.9497084617614746,0.00300210271961987,-0.009587232954800129,-0.0,0.9999540448188782],"on_ground":true,"pitch":0.0,"roll":0.0,"steer":0.0,"supersonic":false,"throttle":0.0,"time":946.3514404296875,"v":[0.0,0.0,8.321000099182129],"w":[-0.00030999997397884727,0.0002099999983329326,0.0],"x":[-2755.010009765625,413.3699951171875,17.010000228881836],"yaw":0.0},"ball":{"v":[0.0,0.0,0.0],"w":[0.0,0.0,0.0],"x":[0.0,0.0,92.73999786376953]}}
{"car":{"boost":false,"boost_left":96,"dodge_dir":[2.3512056226468525e-38,2.3510604481259484e-38],"dodge_timer":-1.0,"double_jumped":false,"handbrake":false,"jump":false,"jump_timer":-1.0,"jumped":false,"o":[0.949664831161499,-0.3131354749202728,0.0091050760820508,0.31312108039855957,0.9497084617614746,0.00300210271961987,-0.009587232954800129,-0.0,0.9999540448188782],"on_ground":true,"pitch":0.0,"roll":0.0,"steer":0.0,"supersonic":false,"throttle":0.0,"time":946.3598022460938,"v":[0.0,0.0,8.321000099182129],"w":[-0.00030999997397884727,0.0002099999983329326,0.0],"x":[-2755.010009765625,413.3699951171875,17.010000228881836],"yaw":0.0},"ball":{"v":[0.0,0.0,0.0],"w":[0.0,0.0,0.0],"x":[0.0,0.0,92.73999786376953]}}
{"car":{"boost":false,"boost_left":96,"dodge_dir":[2.3512056226468525e-38,2.3510604481259484e-38],"dodge_timer":-1.0,"double_jumped":false,"handbrake":false,"jump":false,"jump_timer":-1.0,"jumped":false,"o":[0.949664831161499,-0.3131354749202728,0.0091050760820508,0.31312108039855957,0.9497084617614746,0.00300210271961987,-0.009587232954800129,-0.0,0.9999540448188782],"on_ground":true,"pitch":0.0,"roll":0.0,"steer":0.0,"supersonic":false,"throttle":0.0,"time":946.3766479492188,"v":[0.0,0.0,8.321000099182129],"w":[-0.00030999997397884727,0.0002099999983329326,0.0],"x":[-2755.010009765625,413.3699951171875,17.010000228881836],"yaw":0.0},"ball":{"v":[0.0,0.0,0.0],"w":[0.0,0.0,0.0],"x":[0.0,0.0,92.73999786376953]}}
{"car":{"boost":false,"boost_left":96,"dodge_dir":[2.3512056226468525e-38,2.3510604481259484e-38],"dodge_timer":-1.0,"double_jumped":false,"handbrake":false,"jump":false,"jump_timer":-1.0,"jumped":false,"o":[0.949664831161499,-0.3131354749202728,0.0091050760820508,0.31312108039855957,0.9497084617614746,0.00300210271961987,-0.009587232954800129,-0.0,0.9999540448188782],"on_ground":true,"pitch":0.0,"roll":0.0,"steer":0.0,"supersonic":false,"throttle":0.0,"time":946.385009765625,"v":[0.0,0.0,8.321000099182129],"w":[-0.00030999997397884727,0.0002099999983329326,0.0],"x":[-2755.010009765625,413.3699951171875,17.010000228881836],"yaw":0.0},"ball":{"v":[0.0,0.0,0.0],"w":[0.0,0.0,0.0],"x":[0.0,0.0,92.73999786376953]}}
{"car":{"boost":false,"boost_left":96,"dodge_dir":[2.3512056226468525e-38,2.3510604481259484e-38],"dodge_timer":-1.0,"double_jumped":false,"handbrake":false,"jump":false,"jump_timer":-1.0,"jumped":false,"o":[0.949664831161499,-0.3131354749202728,0.0091050760820508,0.31312108039855957,0.9497084617614746,0.00300210271961987,-0.009587232954800129,-0.0,0.9999540448188782],"on_ground":true,"pitch":0.0,"roll":0.0,"steer":0.0,"supersonic":false,"throttle":0.0,"time":946.3933715820313,"v":[0.0,0.0,8.321000099182129],"w":[-0.00030999997397884727,0.0002099999983329326,0.0],"x":[-2755.010009765625,413.3699951171875,17.010000228881836],"yaw":0.0},"ball":{"v":[0.0,0.0,0.0],"w":[0.0,0.0,0.0],"x":[0.0,0.0,92.73999786376953]}}
{"car":{"boost":false,"boost_left":96,"dodge_dir":[2.3512056226468525e-38,2.3510604481259484e-38],"dodge_timer":-1.0,"double_jumped":false,"handbrake":false,"jump":false,"jump_timer":-1.0,"jumped":false,"o":[0.949664831161499,-0.3131354749202728,0.0091050760820508,0.31312108039855957,0.9497084617614746,0.00300210271961987,-0.009587232954800129,-0.0,0.9999540448188782],"on_ground":true,"pitch":0.0,"roll":0.0,"steer":0.0,"supersonic":false,"throttle":0.0,"time":946.4017333984375,"v":[0.0,0.0,8.321000099182129],"w":[-0.00030999997397884727,0.0002099999983329326,0.0],"x":[-2755.010009765625,413.3699951171875,17.010000228881836],"yaw":0.0},"ball":{"v":[0.0,0.0,0.0],"w":[0.0,0.0,0.0],"x":[0.0,0.0,92.73999786376953]}}
{"car":{"boost":false,"boost_left":96,"dodge_dir":[2.3512056226468525e-38,2.3510604481259484e-38],"dodge_timer":-1.0,"double_jumped":false,"handbrake":false,"jump":false,"jump_timer":-1.0,"jumped":false,"o":[0.949664831161499,-0.3131354749202728,0.0091050760820508,0.31312108039855957,0.9497084617614746,0.00300210271961987,-0.009587232954800129,-0.0,0.9999540448188782],"on_ground":true,"pitch":0.0,"roll":0.0,"steer":0.0,"supersonic":false,"throttle":0.0,"time":946.4100952148438,"v":[0.0,0.0,8.321000099182129],"w":[-0.00030999997397884727,0.0002099999983329326,0.0],"x":[-2755.010009765625,413.3699951171875,17.010000228881836],"yaw":0.0},"ball":{"v":[0.0,0.0,0.0],"w":[0.0,0.0,0.0],"x":[0.0,0.0,92.73999786376953]}}
{"car":{"boost":false,"boost_left":96,"dodge_dir":[2.3512056226468525e-38,2.3510604481259484e-38],"dodge_timer":-1.0,"double_jumped":false,"handbrake":false,"jump":false,"jump_timer":-1.0,"jumped":false,"o":[0.949664831161499,-0.3131354749202728,0.0091050760820508,0.31312108039855957,0.9497084617614746,0.00300210271961987,-0.009587232954800129,-0.0,0.9999540448188782],"on_ground":true,"pitch":0.0,"roll":0.0,"steer":0.0,"supersonic":false,"throttle":0.0,"time":946.41845703125,"v":[0.0,0.0,8.321000099182129],"w":[-0.00030999997397884727,0.0002099999983329326,0.0],"x":[-2755.010009765625,413.3699951171875,17.010000228881836],"yaw":0.0},"ball":{"v":[0.0,0.0,0.0],"w":[0.0,0.0,0.0],"x":[0.0,0.0,92.73999786376953]}}
{"car":{"boost":false,"boost_left":96,"dodge_dir":[2.3512056226468525e-38,2.3510604481259484e-38],"dodge_timer":-1.0,"double_jumped":false,"handbrake":false,"jump":false,"jump_timer":-1.0,"jumped":false,"o":[0.949664831161499,-0.3131354749202728,0.0091050760820508,0.31312108039855957,0.9497084617614746,0.00300210271961987,-0.009587232954800129,-0.0,0.9999540448188782],"on_ground":true,"pitch":0.0,"roll":0.0,"steer":0.0,"supersonic":false,"throttle":0.0,"time":946.4268188476563,"v":[0.0,0.0,8.321000099182129],"w":[-0.00030999997397884727,0.0002099999983329326,0.0],"x":[-2755.010009765625,413.3699951171875,17.010000228881836],"yaw":0.0},"ball":{"v":[0.0,0.0,0.0],"w":[0.0,0.0,0.0],"x":[0.0,0.0,92.73999786376953]}}
{"car":{"boost":false,"boost_left":96,"dodge_dir":[2.3512056226468525e-38,2.3510604481259484e-38],"dodge_timer":-1.0,"double_jumped":false,"handbrake":false,"jump":false,"jump_timer":-1.0,"jumped":false,"o":[0.949664831161499,-0.3131354749202728,0.0091050760820508,0.31312108039855957,0.9497084617614746,0.00300210271961987,-0.009587232954800129,-0.0,0.9999540448188782],"on_ground":true,"pitch":0.0,"roll":0.0,"steer":0.0,"supersonic":false,"throttle":0.0,"time":946.4435424804688,"v":[0.0,0.0,8.321000099182129],"w":[-0.00030999997397884727,0.0002099999983329326,0.0],"x":[-2755.010009765625,413.3699951171875,17.010000228881836],"yaw":0.0},"ball":{"v":[0.0,0.0,0.0],"w":[0.0,0.0,0.0],"x":[0.0,0.0,92.73999786376953]}}
{"car":{"boost":false,"boost_left":96,"dodge_dir":[2.3512056226468525e-38,2.3510604481259484e-38],"dodge_timer":-1.0,"double_jumped":false,"handbrake":false,"jump":false,"jump_timer":-1.0,"jumped":false,"o":[0.949664831161499,-0.3131354749202728,0.0091050760820508,0.31312108039855957,0.9497084617614746,0.00300210271961987,-0.009587232954800129,-0.0,0.9999540448188782],"on_ground":true,"pitch":0.0,"roll":0.0,"steer":0.0,"supersonic":false,"throttle":0.0,"time":946.4520263671875,"v":[0.0,0.0,8.321000099182129],"w":[-0.00030999997397884727,0.0002099999983329326,0.0],"x":[-2755.010009765625,413.3699951171875,17.010000228881836],"yaw":0.0},"ball":{"v":[0.0,0.0,0.0],"w":[0.0,0.0,0.0],"x":[0.0,0.0,92.73999786376953]}}
{"car":{"boost":false,"boost_left":96,"dodge_dir":[2.3512056226468525e-38,2.3510604481259484e-38],"dodge_timer":-1.0,"double_jumped":false,"handbrake":false,"jump":false,"jump_timer":-1.0,"jumped":false,"o":[0.949664831161499,-0.3131354749202728,0.0091050760820508,0.31312108039855957,0.9497084617614746,0.00300210271961987,-0.009587232954800129,-0.0,0.9999540448188782],"on_ground":true,"pitch":0.0,"roll":0.0,"steer":0.0,"supersonic":false,"throttle":0.0,"time":946.4603881835938,"v":[0.0,0.0,8.321000099182129],"w":[-0.00030999997397884727,0.0002099999983329326,0.0],"x":[-2755.010009765625,413.3699951171875,17.010000228881836],"yaw":0.0},"ball":{"v":[0.0,0.0,0.0],"w":[0.0,0.0,0.0],"x":[0.0,0.0,92.73999786376953]}}
{"car":{"boost":false,"boost_left":96,"dodge_dir":[2.3512056226468525e-38,2.3510604481259484e-38],"dodge_timer":-1.0,"double_jumped":false,"handbrake":false,"jump":false,"jump_timer":-1.0,"jumped":false,"o":[0.949664831161499,-0.3131354749202728,0.0091050760820508,0.31312108039855957,0.9497084617614746,0.00300210271961987,-0.009587232954800129,-0.0,0.9999540448188782],"on_ground":true,"pitch":0.0,"roll":0.0,"steer":0.0,"supersonic":false,"throttle":0.0,"time":946.46875,"v":[0.0,0.0,8.321000099182129],"w":[-0.00030999997397884727,0.0002099999983329326,0.0],"x":[-2755.010009765625,413.3699951171875,17.010000228881836],"yaw":0.0},"ball":{"v":[0.0,0.0,0.0],"w":[0.0,0.0,0.0],"x":[0.0,0.0,92.73999786376953]}}
{"car":{"boost":false,"boost_left":96,"dodge_dir":[2.3512056226468525e-38,2.3510604481259484e-38],"dodge_timer":-1.0,"double_jumped":false,"handbrake":false,"jump":false,"jump_timer":-1.0,"jumped":false,"o":[0.949664831161499,-0.3131354749202728,0.0091050760820508,0.31312108039855957,0.9497084617614746,0.00300210271961987,-0.009587232954800129,-0.0,0.9999540448188782],"on_ground":true,"pitch":0.0,"roll":0.0,"steer":0.0,"supersonic":false,"throttle":0.0,"time":946.4771118164063,"v":[0.0,0.0,8.321000099182129],"w":[-0.00030999997397884727,0.0002099999983329326,0.0],"x":[-2755.010009765625,413.3699951171875,17.010000228881836],"yaw":0.0},"ball":{"v":[0.0,0.0,0.0],"w":[0.0,0.0,0.0],"x":[0.0,0.0,92.73999786376953]}}
{"car":{"boost":false,"boost_left":96,"dodge_dir":[2.3512056226468525e-38,2.3510604481259484e-38],"dodge_timer":-1.0,"double_jumped":false,"handbrake":false,"jump":false,"jump_timer":-1.0,"jumped":false,"o":[0.949664831161499,-0.3131354749202728,0.0091050760820508,0.31312108039855957,0.9497084617614746,0.00300210271961987,-0.009587232954800129,-0.0,0.9999540448188782],"on_ground":true,"pitch":0.0,"roll":0.0,"steer":0.0,"supersonic":false,"throttle":0.0,"time":946.485595703125,"v":[0.0,0.0,8.321000099182129],"w":[-0.00030999997397884727,0.0002099999983329326,0.0],"x":[-2755.010009765625,413.3699951171875,17.010000228881836],"yaw":0.0},"ball":{"v":[0.0,0.0,0.0],"w":[0.0,0.0,0.0],"x":[0.0,0.0,92.73999786376953]}}
{"car":{"boost":false,"boost_left":96,"dodge_dir":[2.3512056226468525e-38,2.3510604481259484e-38],"dodge_timer":-1.0,"double_jumped":false,"handbrake":false,"jump":false,"jump_timer":-1.0,"jumped":false,"o":[0.949664831161499,-0.3131354749202728,0.0091050760820508,0.31312108039855957,0.9497084617614746,0.00300210271961987,-0.009587232954800129,-0.0,0.9999540448188782],"on_ground":true,"pitch":0.0,"roll":0.0,"steer":0.0,"supersonic":false,"throttle":0.0,"time":946.4939575195313,"v":[0.0,0.0,8.321000099182129],"w":[-0.00030999997397884727,0.0002099999983329326,0.0],"x":[-2755.010009765625,413.3699951171875,17.010000228881836],"yaw":0.0},"ball":{"v":[0.0,0.0,0.0],"w":[0.0,0.0,0.0],"x":[0.0,0.0,92.73999786376953]}}
{"car":{"boost":false,"boost_left":96,"dodge_dir":[2.3512056226468525e-38,2.3510604481259484e-38],"dodge_timer":-1.0,"double_jumped":false,"handbrake":false,"jump":false,"jump_timer":-1.0,"jumped":false,"o":[0.949664831161499,-0.3131354749202728,0.0091050760820508,0.31312108039855957,0.9497084617614746,0.00300210271961987,-0.009587232954800129,-0.0,0.9999540448188782],"on_ground":true,"pitch":0.0,"roll":0.0,"steer":0.0,"supersonic":false,"throttle":0.0,"time":946.5023193359375,"v":[0.0,0.0,8.321000099182129],"w":[-0.00030999997397884727,0.0002099999983329326,0.0],"x":[-2755.010009765625,413.3699951171875,17.010000228881836],"yaw":0.0},"ball":{"v":[0.0,0.0,0.0],"w":[0.0,0.0,0.0],"x":[0.0,0.0,92.73999786376953]}}
{"car":{"boost":false,"boost_left":96,"dodge_dir":[2.3512056226468525e-38,2.3510604481259484e-38],"dodge_timer":-1.0,"double_jumped":false,"handbrake":false,"jump":false,"jump_timer":-1.0,"jumped":false,"o":[0.949664831161499,-0.3131354749202728,0.0091050760820508,0.31312108039855957,0.9497084617614746,0.00300210271961987,-0.009587232954800129,-0.0,0.9999540448188782],"on_ground":true,"pitch":0.0,"roll":0.0,"steer":0.0,"supersonic":false,"throttle":0.0,"time":946.5106811523438,"v":[0.0,0.0,8.321000099182129],"w":[-0.00030999997397884727,0.0002099999983329326,0.0],"x":[-2755.010009765625,413.3699951171875,17.010000228881836],"yaw":0.0},"ball":{"v":[0.0,0.0,0.0],"w":[0.0,0.0,0.0],"x":[0.0,0.0,92.73999786376953]}}
{"car":{"boost":false,"boost_left":96,"dodge_dir":[2.3512056226468525e-38,2.3510604481259484e-38],"dodge_timer":-1.0,"double_jumped":false,"handbrake":false,"jump":false,"jump_timer":-1.0,"jumped":false,"o":[0.949664831161499,-0.3131354749202728,0.0091050760820508,0.31312108039855957,0.9497084617614746,0.00300210271961987,-0.009587232954800129,-0.0,0.9999540448188782],"on_ground":true,"pitch":0.0,"roll":0.0,"steer":0.0,"supersonic":false,"throttle":0.0,"time":946.51904296875,"v":[0.0,0.0,8.321000099182129],"w":[-0.00030999997397884727,0.0002099999983329326,0.0],"x":[-2755.010009765625,413.3699951171875,17.010000228881836],"yaw":0.0},"ball":{"v":[0.0,0.0,0.0],"w":[0.0,0.0,0.0],"x":[0.0,0.0,92.73999786376953]}}
{"car":{"boost":false,"boost_left":96,"dodge_dir":[2.3512056226468525e-38,2.3510604481259484e-38],"dodge_timer":-1.0,"double_jumped":false,"handbrake":false,"jump":false,"jump_timer":-1.0,"jumped":false,"o":[0.949664831161499,-0.3131354749202728,0.0091050760820508,0.31312108039855957,0.9497084617614746,0.00300210271961987,-0.009587232954800129,-0.0,0.9999540448188782],"on_ground":true,"pitch":0.0,"roll":0.0,"steer":0.0,"supersonic":false,"throttle":0.0,"time":946.5274047851563,"v":[0.0,0.0,8.321000099182129],"w":[-0.00030999997397884727,0.0002099999983329326,0.0],"x":[-2755.010009765625,413.3699951171875,17.010000228881836],"yaw":0.0},"ball":{"v":[0.0,0.0,0.0],"w":[0.0,0.0,0.0],"x":[0.0,0.0,92.73999786376953]}}
{"car":{"boost":false,"boost_left":96,"dodge_dir":[2.3512056226468525e-38,2.3510604481259484e-38],"dodge_timer":-1.0,"double_jumped":false,"handbrake":false,"jump":false,"jump_timer":-1.0,"jumped":false,"o":[0.949664831161499,-0.3131354749202728,0.0091050760820508,0.31312108039855957,0.9497084617614746,0.00300210271961987,-0.009587232954800129,-0.0,0.9999540448188782],"on_ground":true,"pitch":0.0,"roll":0.0,"steer":0.0,"supersonic":false,"throttle":0.0,"time":946.5357666015625,"v":[0.0,0.0,8.321000099182129],"w":[-0.00030999997397884727,0.0002099999983329326,0.0],"x":[-2755.010009765625,413.3699951171875,17.010000228881836],"yaw":0.0},"ball":{"v":[0.0,0.0,0.0],"w":[0.0,0.0,0.0],"x":[0.0,0.0,92.73999786376953]}}
{"car":{"boost":false,"boost_left":96,"dodge_dir":[2.3512056226468525e-38,2.3510604481259484e-38],"dodge_timer":-1.0,"double_jumped":false,"handbrake":false,"jump":false,"jump_timer":-1.0,"jumped":false,"o":[0.949664831161499,-0.3131354749202728,0.0091050760820508,0.31312108039855957,0.9497084617614746,0.00300210271961987,-0.009587232954800129,-0.0,0.9999540448188782],"on_ground":true,"pitch":0.0,"roll":0.0,"steer":0.0,"supersonic":false,"throttle":0.0,"time":946.5441284179688,"v":[0.0,0.0,8.321000099182129],"w":[-0.00030999997397884727,0.0002099999983329326,0.0],"x":[-2755.010009765625,413.3699951171875,17.010000228881836],"yaw":0.0},"ball":{"v":[0.0,0.0,0.0],"w":[0.0,0.0,0.0],"x":[0.0,0.0,92.73999786376953]}}
{"car":{"boost":false,"boost_left":96,"dodge_dir":[2.3512056226468525e-38,2.3510604481259484e-38],"dodge_timer":-1.0,"double_jumped":false,"handbrake":false,"jump":false,"jump_timer":-1.0,"jumped":false,"o":[0.949664831161499,-0.3131354749202728,0.0091050760820508,0.31312108039855957,0.9497084617614746,0.00300210271961987,-0.009587232954800129,-0.0,0.9999540448188782],"on_ground":true,"pitch":0.0,"roll":0.0,"steer":0.0,"supersonic":false,"throttle":0.0,"time":946.552490234375,"v":[0.0,0.0,8.321000099182129],"w":[-0.00030999997397884727,0.0002099999983329326,0.0],"x":[-2755.010009765625,413.3699951171875,17.010000228881836],"yaw":0.0},"ball":{"v":[0.0,0.0,0.0],"w":[0.0,0.0,0.0],"x":[0.0,0.0,92.73999786376953]}}
{"car":{"boost":false,"boost_left":96,"dodge_dir":[2.3512056226468525e-38,2.3510604481259484e-38],"dodge_timer":-1.0,"double_jumped":false,"handbrake":false,"jump":false,"jump_timer":-1.0,"jumped":false,"o":[0.949664831161499,-0.3131354749202728,0.0091050760820508,0.31312108039855957,0.9497084617614746,0.00300210271961987,-0.009587232954800129,-0.0,0.9999540448188782],"on_ground":true,"pitch":0.0,"roll":0.0,"steer":0.0,"supersonic":false,"throttle":0.0,"time":946.5608520507813,"v":[0.0,0.0,8.321000099182129],"w":[-0.00030999997397884727,0.0002099999983329326,0.0],"x":[-2755.010009765625,413.3699951171875,17.010000228881836],"yaw":0.0},"ball":{"v":[0.0,0.0,0.0],"w":[0.0,0.0,0.0],"x":[0.0,0.0,92.73999786376953]}}
{"car":{"boost":false,"boost_left":96,"dodge_dir":[2.3512056226468525e-38,2.3510604481259484e-38],"dodge_timer":-1.0,"double_jumped":false,"handbrake":false,"jump":false,"jump_timer":-1.0,"jumped":false,"o":[0.949664831161499,-0.3131354749202728,0.0091050760820508,0.31312108039855957,0.9497084617614746,0.00300210271961987,-0.009587232954800129,-0.0,0.9999540448188782],"on_ground":true,"pitch":0.0,"roll":0.0,"steer":0.0,"supersonic":false,"throttle":0.0,"time":946.5692138671875,"v":[0.0,0.0,8.321000099182129],"w":[-0.00030999997397884727,0.0002099999983329326,0.0],"x":[-2755.010009765625,413.3699951171875,17.010000228881836],"yaw":0.0},"ball":{"v":[0.0,0.0,0.0],"w":[0.0,0.0,0.0],"x":[0.0,0.0,92.73999786376953]}}
{"car":{"boost":false,"boost_left":96,"dodge_dir":[2.3512056226468525e-38,2.3510604481259484e-38],"dodge_timer":-1.0,"double_jumped":false,"handbrake":false,"jump":false,"jump_timer":-1.0,"jumped":false,"o":[0.949664831161499,-0.3131354749202728,0.0091050760820508,0.31312108039855957,0.9497084617614746,0.00300210271961987,-0.009587232954800129,-0.0,0.9999540448188782],"on_ground":true,"pitch":0.0,"roll":0.0,"steer":0.0,"supersonic":false,"throttle":0.0,"time":946.5775756835938,"v":[0.0,0.0,8.321000099182129],"w":[-0.00030999997397884727,0.0002099999983329326,0.0],"x":[-2755.010009765625,413.3699951171875,17.010000228881836],"yaw":0.0},"ball":{"v":[0.0,0.0,0.0],"w":[0.0,0.0,0.0],"x":[0.0,0.0,92.73999786376953]}}
{"car":{"boost":false,"boost_left":96,"dodge_dir":[2.3512056226468525e-38,2.3510604481259484e-38],"dodge_timer":-1.0,"double_jumped":false,"handbrake":false,"jump":false,"jump_timer":-1.0,"jumped":false,"o":[0.949664831161499,-0.3131354749202728,0.0091050760820508,0.31312108039855957,0.9497084617614746,0.00300210271961987,-0.009587232954800129,-0.0,0.9999540448188782],"on_ground":true,"pitch":0.0,"roll":0.0,"steer":0.0,"supersonic":false,"throttle":0.0,"time":946.5859375,"v":[0.0,0.0,8.321000099182129],"w":[-0.00030999997397884727,0.0002099999983329326,0.0],"x":[-2755.010009765625,413.3699951171875,17.010000228881836],"yaw":0.0},"ball":{"v":[0.0,0.0,0.0],"w":[0.0,0.0,0.0],"x":[0.0,0.0,92.73999786376953]}}
{"car":{"boost":false,"boost_left":96,"dodge_dir":[2.3512056226468525e-38,2.3510604481259484e-38],"dodge_timer":-1.0,"double_jumped":false,"handbrake":false,"jump":false,"jump_timer":-1.0,"jumped":false,"o":[0.949664831161499,-0.3131354749202728,0.0091050760820508,0.31312108039855957,0.9497084617614746,0.00300210271961987,-0.009587232954800129,-0.0,0.9999540448188782],"on_ground":true,"pitch":0.0,"roll":0.0,"steer":0.0,"supersonic":false,"throttle":0.0,"time":946.5944213867188,"v":[0.0,0.0,8.321000099182129],"w":[-0.00030999997397884727,0.0002099999983329326,0.0],"x":[-2755.010009765625,413.3699951171875,17.010000228881836],"yaw":0.0},"ball":{"v":[0.0,0.0,0.0],"w":[0.0,0.0,0.0],"x":[0.0,0.0,92.73999786376953]}}
{"car":{"boost":false,"boost_left":96,"dodge_dir":[2.3512056226468525e-38,2.3510604481259484e-38],"dodge_timer":-1.0,"double_jumped":false,"handbrake":false,"jump":false,"jump_timer":-1.0,"jumped":false,"o":[0.949664831161499,-0.3131354749202728,0.0091050760820508,0.31312108039855957,0.9497084617614746,0.00300210271961987,-0.009587232954800129,-0.0,0.9999540448188782],"on_ground":true,"pitch":0.0,"roll":0.0,"steer":0.0,"supersonic":false,"throttle":0.0,"time":946.602783203125,"v":[0.0,0.0,8.321000099182129],"w":[-0.00030999997397884727,0.0002099999983329326,0.0],"x":[-2755.010009765625,413.3699951171875,17.010000228881836],"yaw":0.0},"ball":{"v":[0.0,0.0,0.0],"w":[0.0,0.0,0.0],"x":[0.0,0.0,92.73999786376953]}}
{"car":{"boost":false,"boost_left":96,"dodge_dir":[2.3512056226468525e-38,2.3510604481259484e-38],"dodge_timer":-1.0,"double_jumped":false,"handbrake":false,"jump":false,"jump_timer":-1.0,"jumped":false,"o":[0.949664831161499,-0.3131354749202728,0.0091050760820508,0.31312108039855957,0.9497084617614746,0.00300210271961987,-0.009587232954800129,-0.0,0.9999540448188782],"on_ground":true,"pitch":0.0,"roll":0.0,"steer":0.0,"supersonic":false,"throttle":0.0,"time":946.6111450195313,"v":[0.0,0.0,8.321000099182129],"w":[-0.00030999997397884727,0.0002099999983329326,0.0],"x":[-2755.010009765625,413.3699951171875,17.010000228881836],"yaw":0.0},"ball":{"v":[0.0,0.0,0.0],"w":[0.0,0.0,0.0],"x":[0.0,0.0,92.73999786376953]}}
{"car":{"boost":false,"boost_left":96,"dodge_dir":[2.3512056226468525e-38,2.3510604481259484e-38],"dodge_timer":-1.0,"double_jumped":false,"handbrake":false,"jump":false,"jump_timer":-1.0,"jumped":false,"o":[0.949664831161499,-0.3131354749202728,0.0091050760820508,0.31312108039855957,0.9497084617614746,0.00300210271961987,-0.009587232954800129,-0.0,0.9999540448188782],"on_ground":true,"pitch":0.0,"roll":0.0,"steer":0.0,"supersonic":false,"throttle":0.0,"time":946.6195068359375,"v":[0.0,0.0,8.321000099182129],"w":[-0.00030999997397884727,0.0002099999983329326,0.0],"x":[-2755.010009765625,413.3699951171875,17.010000228881836],"yaw":0.0},"ball":{"v":[0.0,0.0,0.0],"w":[0.0,0.0,0.0],"x":[0.0,0.0,92.73999786376953]}}
{"car":{"boost":false,"boost_left":96,"dodge_dir":[2.3512056226468525e-38,2.3510604481259484e-38],"dodge_timer":-1.0,"double_jumped":false,"handbrake":false,"jump":false,"jump_timer":-1.0,"jumped":false,"o":[0.949664831161499,-0.3131354749202728,0.0091050760820508,0.31312108039855957,0.9497084617614746,0.00300210271961987,-0.009587232954800129,-0.0,0.9999540448188782],"on_ground":true,"pitch":0.0,"roll":0.0,"steer":0.0,"supersonic":false,"throttle":0.0,"time":946.6278686523438,"v":[0.0,0.0,8.321000099182129],"w":[-0.00030999997397884727,0.0002099999983329326,0.0],"x":[-2755.010009765625,413.3699951171875,17.010000228881836],"yaw":0.0},"ball":{"v":[0.0,0.0,0.0],"w":[0.0,0.0,0.0],"x":[0.0,0.0,92.73999786376953]}}
{"car":{"boost":false,"boost_left":96,"dodge_dir":[2.3512056226468525e-38,2.3510604481259484e-38],"dodge_timer":-1.0,"double_jumped":false,"handbrake":false,"jump":false,"jump_timer":-1.0,"jumped":false,"o":[0.949664831161499,-0.3131354749202728,0.0091050760820508,0.31312108039855957,0.9497084617614746,0.00300210271961987,-0.009587232954800129,-0.0,0.9999540448188782],"on_ground":true,"pitch":0.0,"roll":0.0,"steer":0.0,"supersonic":false,"throttle":0.0,"time":946.63623046875,"v":[0.0,0.0,8.321000099182129],"w":[-0.00030999997397884727,0.0002099999983329326,0.0],"x":[-2755.010009765625,413.3699951171875,17.010000228881836],"yaw":0.0},"ball":{"v":[0.0,0.0,0.0],"w":[0.0,0.0,0.0],"x":[0.0,0.0,92.73999786376953]}}
{"car":{"boost":false,"boost_left":96,"dodge_dir":[2.3512056226468525e-38,2.3510604481259484e-38],"dodge_timer":-1.0,"double_jumped":false,"handbrake":false,"jump":false,"jump_timer":-1.0,"jumped":false,"o":[0.949664831161499,-0.3131354749202728,0.0091050760820508,0.31312108039855957,0.9497084617614746,0.00300210271961987,-0.009587232954800129,-0.0,0.9999540448188782],"on_ground":true,"pitch":0.0,"roll":0.0,"steer":0.0,"supersonic":false,"throttle":0.0,"time":946.6445922851563,"v":[0.0,0.0,8.321000099182129],"w":[-0.00030999997397884727,0.0002099999983329326,0.0],"x":[-2755.010009765625,413.3699951171875,17.010000228881836],"yaw":0.0},"ball":{"v":[0.0,0.0,0.0],"w":[0.0,0.0,0.0],"x":[0.0,0.0,92.73999786376953]}}
{"car":{"boost":false,"boost_left":96,"dodge_dir":[2.3512056226468525e-38,2.3510604481259484e-38],"dodge_timer":-1.0,"double_jumped":false,"handbrake":false,"jump":false,"jump_timer":-1.0,"jumped":false,"o":[0.949664831161499,-0.3131354749202728,0.0091050760820508,0.31312108039855957,0.9497084617614746,0.00300210271961987,-0.009587232954800129,-0.0,0.9999540448188782],"on_ground":true,"pitch":0.0,"roll":0.0,"steer":0.0,"supersonic":false,"throttle":0.0,"time":946.6529541015625,"v":[0.0,0.0,8.321000099182129],"w":[-0.00030999997397884727,0.0002099999983329326,0.0],"x":[-2755.010009765625,413.3699951171875,17.010000228881836],"yaw":0.0},"ball":{"v":[0.0,0.0,0.0],"w":[0.0,0.0,0.0],"x":[0.0,0.0,92.73999786376953]}}
{"car":{"boost":false,"boost_left":96,"dodge_dir":[2.3512056226468525e-38,2.3510604481259484e-38],"dodge_timer":-1.0,"double_jumped":false,"handbrake":false,"jump":false,"jump_timer":-1.0,"jumped":false,"o":[0.949664831161499,-0.3131354749202728,0.0091050760820508,0.31312108039855957,0.9497084617614746,0.00300210271961987,-0.009587232954800129,-0.0,0.9999540448188782],"on_ground":true,"pitch":0.0,"roll":0.0,"steer":0.0,"supersonic":false,"throttle":0.0,"time":946.661376953125,"v":[0.0,0.0,8.321000099182129],"w":[-0.00030999997397884727,0.0002099999983329326,0.0],"x":[-2755.010009765625,413.3699951171875,17.010000228881836],"yaw":0.0},"ball":{"v":[0.0,0.0,0.0],"w":[0.0,0.0,0.0],"x":[0.0,0.0,92.73999786376953]}}
{"car":{"boost":false,"boost_left":96,"dodge_dir":[2.3512056226468525e-38,2.3510604481259484e-38],"dodge_timer":-1.0,"double_jumped":false,"handbrake":false,"jump":false,"jump_timer":-1.0,"jumped":false,"o":[0.949664831161499,-0.3131354749202728,0.0091050760820508,0.31312108039855957,0.9497084617614746,0.00300210271961987,-0.009587232954800129,-0.0,0.9999540448188782],"on_ground":true,"pitch":0.0,"roll":0.0,"steer":0.0,"supersonic":false,"throttle":0.0,"time":946.6697387695313,"v":[0.0,0.0,8.321000099182129],"w":[-0.00030999997397884727,0.0002099999983329326,0.0],"x":[-2755.010009765625,413.3699951171875,17.010000228881836],"yaw":0.0},"ball":{"v":[0.0,0.0,0.0],"w":[0.0,0.0,0.0],"x":[0.0,0.0,92.73999786376953]}}
{"car":{"boost":false,"boost_left":96,"dodge_dir":[2.3512056226468525e-38,2.3510604481259484e-38],"dodge_timer":-1.0,"double_jumped":false,"handbrake":false,"jump":false,"jump_timer":-1.0,"jumped":false,"o":[0.949664831161499,-0.3131354749202728,0.0091050760820508,0.31312108039855957,0.9497084617614746,0.00300210271961987,-0.009587232954800129,-0.0,0.9999540448188782],"on_ground":true,"pitch":0.0,"roll":0.0,"steer":0.0,"supersonic":false,"throttle":0.0,"time":946.6781005859375,"v":[0.0,0.0,8.321000099182129],"w":[-0.00030999997397884727,0.0002099999983329326,0.0],"x":[-2755.010009765625,413.3699951171875,17.010000228881836],"yaw":0.0},"ball":{"v":[0.0,0.0,0.0],"w":[0.0,0.0,0.0],"x":[0.0,0.0,92.73999786376953]}}
