{"car":{"boost":false,"boost_left":93,"dodge_dir":[2.3512056226468525e-38,2.3510604481259484e-38],"dodge_timer":-1.0,"double_jumped":false,"handbrake":false,"jump":true,"jump_timer":-1.0,"jumped":true,"o":[0.949664831161499,-0.3131354749202728,0.0091050760820508,0.31312108039855957,0.9497084617614746,0.00300210271961987,-0.009587232954800129,-0.0,0.9999540448188782],"on_ground":false,"pitch":0.0,"roll":0.0,"steer":0.0,"supersonic":false,"throttle":0.0,"time":951.0672607421875,"v":[2.07099986076355,0.5709999799728394,428.9481201171875],"w":[-0.00030999997397884727,0.0004099999787285924,0.0],"x":[-2650.52001953125,447.239990234375,101.8014144897461],"yaw":0.0},"ball":{"v":[0.0,0.0,0.0],"w":[0.0,0.0,0.0],"x":[0.0,0.0,92.73999786376953]}}
{"car":{"boost":false,"boost_left":93,"dodge_dir":[2.3512056226468525e-38,2.3510604481259484e-38],"dodge_timer":-1.0,"double_jumped":false,"handbrake":false,"jump":true,"jump_timer":-1.0,"jumped":true,"o":[0.949664831161499,-0.3131354749202728,0.0091050760820508,0.31312108039855957,0.9497084617614746,0.00300210271961987,-0.009587232954800129,-0.0,0.9999540448188782],"on_ground":false,"pitch":0.0,"roll":0.0,"steer":0.0,"supersonic":false,"throttle":0.0,"time":951.07568359375,"v":[2.07099986076355,0.5709999799728394,423.5173034667969],"w":[-0.00030999997397884727,0.0004099999787285924,0.0],"x":[-2650.499755859375,447.239990234375,105.33805847167969],"yaw":0.0},"ball":{"v":[0.0,0.0,0.0],"w":[0.0,0.0,0.0],"x":[0.0,0.0,92.73999786376953]}}
{"car":{"boost":false,"boost_left":93,"dodge_dir":[2.3512056226468525e-38,2.3510604481259484e-38],"dodge_timer":-1.0,"double_jumped":false,"handbrake":false,"jump":true,"jump_timer":-1.0,"jumped":true,"o":[0.949664831161499,-0.3131354749202728,0.0091050760820508,0.31312108039855957,0.9497084617614746,0.00300210271961987,-0.009587232954800129,-0.0,0.9999540448188782],"on_ground":false,"pitch":0.0,"roll":0.0,"steer":0.0,"supersonic":false,"throttle":0.0,"time":951.0840454101563,"v":[2.07099986076355,0.5709999799728394,418.03155517578125],"w":[-0.00030999997397884727,0.0004099999787285924,0.0],"x":[-2650.4794921875,447.239990234375,108.85945129394531],"yaw":0.0},"ball":{"v":[0.0,0.0,0.0],"w":[0.0,0.0,0.0],"x":[0.0,0.0,92.73999786376953]}}
{"car":{"boost":false,"boost_left":93,"dodge_dir":[2.3512056226468525e-38,2.3510604481259484e-38],"dodge_timer":-1.0,"double_jumped":false,"handbrake":false,"jump":true,"jump_timer":-1.0,"jumped":true,"o":[0.949664831161499,-0.3131354749202728,0.0091050760820508,0.31312108039855957,0.9497084617614746,0.00300210271961987,-0.009587232954800129,-0.0,0.9999540448188782],"on_ground":false,"pitch":0.0,"roll":0.0,"steer":0.0,"supersonic":false,"throttle":0.0,"time":951.0924072265625,"v":[2.07099986076355,0.5709999799728394,412.60076904296875],"w":[-0.00030999997397884727,0.0004099999787285924,0.0],"x":[-2650.45947265625,447.239990234375,112.30520629882813],"yaw":0.0},"ball":{"v":[0.0,0.0,0.0],"w":[0.0,0.0,0.0],"x":[0.0,0.0,92.73999786376953]}}
{"car":{"boost":false,"boost_left":93,"dodge_dir":[2.3512056226468525e-38,2.3510604481259484e-38],"dodge_timer":-1.0,"double_jumped":false,"handbrake":false,"jump":true,"jump_timer":-1.0,"jumped":true,"o":[0.949664831161499,-0.3131354749202728,0.0091050760820508,0.31312108039855957,0.9497084617614746,0.00300210271961987,-0.009587232954800129,-0.0,0.9999540448188782],"on_ground":false,"pitch":0.0,"roll":0.0,"steer":0.0,"supersonic":false,"throttle":0.0,"time":951.1007690429688,"v":[2.07099986076355,0.5709999799728394,407.17010498046875],"w":[-0.00030999997397884727,0.0004099999787285924,0.0],"x":[-2650.439453125,447.239990234375,115.70088958740234],"yaw":0.0},"ball":{"v":[0.0,0.0,0.0],"w":[0.0,0.0,0.0],"x":[0.0,0.0,92.73999786376953]}}
{"car":{"boost":false,"boost_left":93,"dodge_dir":[2.3512056226468525e-38,2.3510604481259484e-38],"dodge_timer":-1.0,"double_jumped":false,"handbrake":false,"jump":true,"jump_timer":-1.0,"jumped":true,"o":[0.949664831161499,-0.3131354749202728,0.0091050760820508,0.31312108039855957,0.9497084617614746,0.00300210271961987,-0.009587232954800129,-0.0,0.9999540448188782],"on_ground":false,"pitch":0.0,"roll":0.0,"steer":0.0,"supersonic":false,"throttle":0.0,"time":951.109130859375,"v":[2.07099986076355,0.5709999799728394,401.7397155761719],"w":[-0.00030999997397884727,0.0004099999787285924,0.0],"x":[-2650.41943359375,447.239990234375,119.05602264404297],"yaw":0.0},"ball":{"v":[0.0,0.0,0.0],"w":[0.0,0.0,0.0],"x":[0.0,0.0,92.73999786376953]}}
{"car":{"boost":false,"boost_left":93,"dodge_dir":[2.3512056226468525e-38,2.3510604481259484e-38],"dodge_timer":-1.0,"double_jumped":false,"handbrake":false,"jump":true,"jump_timer":-1.0,"jumped":true,"o":[0.949664831161499,-0.3131354749202728,0.0091050760820508,0.31312108039855957,0.9497084617614746,0.00300210271961987,-0.009587232954800129,-0.0,0.9999540448188782],"on_ground":false,"pitch":0.0,"roll":0.0,"steer":0.0,"supersonic":false,"throttle":0.0,"time":951.1174926757813,"v":[2.07099986076355,0.5709999799728394,396.30926513671875],"w":[-0.00030999997397884727,0.0004099999787285924,0.0],"x":[-2650.3994140625,447.239990234375,122.36125183105469],"yaw":0.0},"ball":{"v":[0.0,0.0,0.0],"w":[0.0,0.0,0.0],"x":[0.0,0.0,92.73999786376953]}}
{"car":{"boost":false,"boost_left":93,"dodge_dir":[2.3512056226468525e-38,2.3510604481259484e-38],"dodge_timer":-1.0,"double_jumped":false,"handbrake":false,"jump":true,"jump_timer":-1.0,"jumped":true,"o":[0.949664831161499,-0.3131354749202728,0.0091050760820508,0.31312108039855957,0.9497084617614746,0.00300210271961987,-0.009587232954800129,-0.0,0.9999540448188782],"on_ground":false,"pitch":0.0,"roll":0.0,"steer":0.0,"supersonic":false,"throttle":0.0,"time":951.1258544921875,"v":[2.07099986076355,0.5709999799728394,390.87884521484375],"w":[-0.00030999997397884727,0.0004099999787285924,0.0],"x":[-2650.37939453125,447.239990234375,125.62602996826172],"yaw":0.0},"ball":{"v":[0.0,0.0,0.0],"w":[0.0,0.0,0.0],"x":[0.0,0.0,92.73999786376953]}}
{"car":{"boost":false,"boost_left":93,"dodge_dir":[2.3512056226468525e-38,2.3510604481259484e-38],"dodge_timer":-1.0,"double_jumped":false,"handbrake":false,"jump":true,"jump_timer":-1.0,"jumped":true,"o":[0.949664831161499,-0.3131354749202728,0.0091050760820508,0.31312108039855957,0.9497084617614746,0.00300210271961987,-0.009587232954800129,-0.0,0.9999540448188782],"on_ground":false,"pitch":0.0,"roll":0.0,"steer":0.0,"supersonic":false,"throttle":0.0,"time":951.13427734375,"v":[2.07099986076355,0.5709999799728394,385.4486389160156],"w":[-0.00030999997397884727,0.0004099999787285924,0.0],"x":[-2650.359130859375,447.239990234375,128.84080505371094],"yaw":0.0},"ball":{"v":[0.0,0.0,0.0],"w":[0.0,0.0,0.0],"x":[0.0,0.0,92.73999786376953]}}
{"car":{"boost":false,"boost_left":93,"dodge_dir":[2.3512056226468525e-38,2.3510604481259484e-38],"dodge_timer":-1.0,"double_jumped":false,"handbrake":false,"jump":true,"jump_timer":-1.0,"jumped":true,"o":[0.949664831161499,-0.3131354749202728,0.0091050760820508,0.31312108039855957,0.9497084617614746,0.00300210271961987,-0.009587232954800129,-0.0,0.9999540448188782],"on_ground":false,"pitch":0.0,"roll":0.0,"steer":0.0,"supersonic":false,"throttle":0.0,"time":951.1426391601563,"v":[2.07099986076355,0.5709999799728394,379.98040771484375],"w":[-0.00030999997397884727,0.0004099999787285924,0.0],"x":[-2650.339111328125,447.239990234375,132.0369873046875],"yaw":0.0},"ball":{"v":[0.0,0.0,0.0],"w":[0.0,0.0,0.0],"x":[0.0,0.0,92.73999786376953]}}
{"car":{"boost":false,"boost_left":93,"dodge_dir":[2.3512056226468525e-38,2.3510604481259484e-38],"dodge_timer":-1.0,"double_jumped":false,"handbrake":false,"jump":true,"jump_timer":-1.0,"jumped":true,"o":[0.949664831161499,-0.3131354749202728,0.0091050760820508,0.31312108039855957,0.9497084617614746,0.00300210271961987,-0.009587232954800129,-0.0,0.9999540448188782],"on_ground":false,"pitch":0.0,"roll":0.0,"steer":0.0,"supersonic":false,"throttle":0.0,"time":951.1510009765625,"v":[2.07099986076355,0.5709999799728394,374.5502014160156],"w":[-0.00030999997397884727,0.0004099999787285924,0.0],"x":[-2650.319091796875,447.239990234375,135.16116333007813],"yaw":0.0},"ball":{"v":[0.0,0.0,0.0],"w":[0.0,0.0,0.0],"x":[0.0,0.0,92.73999786376953]}}
{"car":{"boost":false,"boost_left":93,"dodge_dir":[2.3512056226468525e-38,2.3510604481259484e-38],"dodge_timer":-1.0,"double_jumped":false,"handbrake":false,"jump":true,"jump_timer":-1.0,"jumped":true,"o":[0.949664831161499,-0.3131354749202728,0.0091050760820508,0.31312108039855957,0.9497084617614746,0.00300210271961987,-0.009587232954800129,-0.0,0.9999540448188782],"on_ground":false,"pitch":0.0,"roll":0.0,"steer":0.0,"supersonic":false,"throttle":0.0,"time":951.1593627929688,"v":[2.07099986076355,0.5709999799728394,369.1199645996094],"w":[-0.00030999997397884727,0.0004099999787285924,0.0],"x":[-2650.299072265625,447.239990234375,138.2447509765625],"yaw":0.0},"ball":{"v":[0.0,0.0,0.0],"w":[0.0,0.0,0.0],"x":[0.0,0.0,92.73999786376953]}}
{"car":{"boost":false,"boost_left":93,"dodge_dir":[2.3512056226468525e-38,2.3510604481259484e-38],"dodge_timer":-1.0,"double_jumped":false,"handbrake":false,"jump":true,"jump_timer":-1.0,"jumped":true,"o":[0.949664831161499,-0.3131354749202728,0.0091050760820508,0.31312108039855957,0.9497084617614746,0.00300210271961987,-0.009587232954800129,-0.0,0.9999540448188782],"on_ground":false,"pitch":0.0,"roll":0.0,"steer":0.0,"supersonic":false,"throttle":0.0,"time":951.167724609375,"v":[2.07099986076355,0.5709999799728394,363.68994140625],"w":[-0.00030999997397884727,0.0004099999787285924,0.0],"x":[-2650.279052734375,447.239990234375,141.27850341796875],"yaw":0.0},"ball":{"v":[0.0,0.0,0.0],"w":[0.0,0.0,0.0],"x":[0.0,0.0,92.73999786376953]}}
{"car":{"boost":false,"boost_left":93,"dodge_dir":[2.3512056226468525e-38,2.3510604481259484e-38],"dodge_timer":-1.0,"double_jumped":false,"handbrake":false,"jump":true,"jump_timer":-1.0,"jumped":true,"o":[0.949664831161499,-0.3131354749202728,0.0091050760820508,0.31312108039855957,0.9497084617614746,0.00300210271961987,-0.009587232954800129,-0.0,0.9999540448188782],"on_ground":false,"pitch":0.0,"roll":0.0,"steer":0.0,"supersonic":false,"throttle":0.0,"time":951.1760864257813,"v":[2.07099986076355,0.5709999799728394,358.2599182128906],"w":[-0.00030999997397884727,0.0004099999787285924,0.0],"x":[-2650.259033203125,447.239990234375,144.2716064453125],"yaw":0.0},"ball":{"v":[0.0,0.0,0.0],"w":[0.0,0.0,0.0],"x":[0.0,0.0,92.73999786376953]}}
{"car":{"boost":false,"boost_left":93,"dodge_dir":[2.3512056226468525e-38,2.3510604481259484e-38],"dodge_timer":-1.0,"double_jumped":false,"handbrake":false,"jump":true,"jump_timer":-1.0,"jumped":true,"o":[0.949664831161499,-0.3131354749202728,0.0091050760820508,0.31312108039855957,0.9497084617614746,0.00300210271961987,-0.009587232954800129,-0.0,0.9999540448188782],"on_ground":false,"pitch":0.0,"roll":0.0,"steer":0.0,"supersonic":false,"throttle":0.0,"time":951.1845703125,"v":[2.07099986076355,0.5709999799728394,352.8190612792969],"w":[-0.00030999997397884727,0.0004099999787285924,0.0],"x":[-2650.239013671875,447.239990234375,147.22085571289063],"yaw":0.0},"ball":{"v":[0.0,0.0,0.0],"w":[0.0,0.0,0.0],"x":[0.0,0.0,92.73999786376953]}}
{"car":{"boost":false,"boost_left":93,"dodge_dir":[2.3512056226468525e-38,2.3510604481259484e-38],"dodge_timer":-1.0,"double_jumped":false,"handbrake":false,"jump":true,"jump_timer":-1.0,"jumped":true,"o":[0.949664831161499,-0.3131354749202728,0.0091050760820508,0.31312108039855957,0.9497084617614746,0.00300210271961987,-0.009587232954800129,-0.0,0.9999540448188782],"on_ground":false,"pitch":0.0,"roll":0.0,"steer":0.0,"supersonic":false,"throttle":0.0,"time":951.1929321289063,"v":[2.07099986076355,0.5709999799728394,347.3146057128906],"w":[-0.00030999997397884727,0.0004099999787285924,0.0],"x":[-2650.218505859375,447.239990234375,150.16265869140625],"yaw":0.0},"ball":{"v":[0.0,0.0,0.0],"w":[0.0,0.0,0.0],"x":[0.0,0.0,92.73999786376953]}}
{"car":{"boost":false,"boost_left":93,"dodge_dir":[2.3512056226468525e-38,2.3510604481259484e-38],"dodge_timer":-1.0,"double_jumped":false,"handbrake":false,"jump":true,"jump_timer":-1.0,"jumped":true,"o":[0.949664831161499,-0.3131354749202728,0.0091050760820508,0.31312108039855957,0.9497084617614746,0.00300210271961987,-0.009587232954800129,-0.0,0.9999540448188782],"on_ground":false,"pitch":0.0,"roll":0.0,"steer":0.0,"supersonic":false,"throttle":0.0,"time":951.2012939453125,"v":[2.07099986076355,0.5709999799728394,341.8843994140625],"w":[-0.00030999997397884727,0.0004099999787285924,0.0],"x":[-2650.198486328125,447.239990234375,153.01524353027344],"yaw":0.0},"ball":{"v":[0.0,0.0,0.0],"w":[0.0,0.0,0.0],"x":[0.0,0.0,92.73999786376953]}}
{"car":{"boost":false,"boost_left":93,"dodge_dir":[2.3512056226468525e-38,2.3510604481259484e-38],"dodge_timer":-1.0,"double_jumped":false,"handbrake":false,"jump":true,"jump_timer":-1.0,"jumped":true,"o":[0.949664831161499,-0.3131354749202728,0.0091050760820508,0.31312108039855957,0.9497084617614746,0.00300210271961987,-0.009587232954800129,-0.0,0.9999540448188782],"on_ground":false,"pitch":0.0,"roll":0.0,"steer":0.0,"supersonic":false,"throttle":0.0,"time":951.2096557617188,"v":[2.07099986076355,0.5709999799728394,336.45416259765625],"w":[-0.00030999997397884727,0.0004099999787285924,0.0],"x":[-2650.178466796875,447.239990234375,155.82696533203125],"yaw":0.0},"ball":{"v":[0.0,0.0,0.0],"w":[0.0,0.0,0.0],"x":[0.0,0.0,92.73999786376953]}}
{"car":{"boost":false,"boost_left":93,"dodge_dir":[2.3512056226468525e-38,2.3510604481259484e-38],"dodge_timer":-1.0,"double_jumped":false,"handbrake":false,"jump":true,"jump_timer":-1.0,"jumped":true,"o":[0.949664831161499,-0.3131354749202728,0.0091050760820508,0.31312108039855957,0.9497084617614746,0.00300210271961987,-0.009587232954800129,-0.0,0.9999540448188782],"on_ground":false,"pitch":0.0,"roll":0.0,"steer":0.0,"supersonic":false,"throttle":0.0,"time":951.218017578125,"v":[2.07099986076355,0.5709999799728394,331.0227355957031],"w":[-0.00030999997397884727,0.0004099999787285924,0.0],"x":[-2650.158447265625,447.239990234375,158.58985900878906],"yaw":0.0},"ball":{"v":[0.0,0.0,0.0],"w":[0.0,0.0,0.0],"x":[0.0,0.0,92.73999786376953]}}
{"car":{"boost":false,"boost_left":93,"dodge_dir":[2.3512056226468525e-38,2.3510604481259484e-38],"dodge_timer":-1.0,"double_jumped":false,"handbrake":false,"jump":true,"jump_timer":-1.0,"jumped":true,"o":[0.949664831161499,-0.3131354749202728,0.0091050760820508,0.31312108039855957,0.9497084617614746,0.00300210271961987,-0.009587232954800129,-0.0,0.9999540448188782],"on_ground":false,"pitch":0.0,"roll":0.0,"steer":0.0,"supersonic":false,"throttle":0.0,"time":951.2263793945313,"v":[2.07099986076355,0.5709999799728394,325.589111328125],"w":[-0.00030999997397884727,0.0004099999787285924,0.0],"x":[-2650.138427734375,447.239990234375,161.3129119873047],"yaw":0.0},"ball":{"v":[0.0,0.0,0.0],"w":[0.0,0.0,0.0],"x":[0.0,0.0,92.73999786376953]}}
{"car":{"boost":false,"boost_left":93,"dodge_dir":[2.3512056226468525e-38,2.3510604481259484e-38],"dodge_timer":-1.0,"double_jumped":false,"handbrake":false,"jump":true,"jump_timer":-1.0,"jumped":true,"o":[0.949664831161499,-0.3131354749202728,0.0091050760820508,0.31312108039855957,0.9497084617614746,0.00300210271961987,-0.009587232954800129,-0.0,0.9999540448188782],"on_ground":false,"pitch":0.0,"roll":0.0,"steer":0.0,"supersonic":false,"throttle":0.0,"time":951.2347412109375,"v":[2.07099986076355,0.5709999799728394,320.15887451171875],"w":[-0.00030999997397884727,0.0004099999787285924,0.0],"x":[-2650.118408203125,447.239990234375,163.98483276367188],"yaw":0.0},"ball":{"v":[0.0,0.0,0.0],"w":[0.0,0.0,0.0],"x":[0.0,0.0,92.73999786376953]}}
{"car":{"boost":false,"boost_left":93,"dodge_dir":[2.3512056226468525e-38,2.3510604481259484e-38],"dodge_timer":-1.0,"double_jumped":false,"handbrake":false,"jump":true,"jump_timer":-1.0,"jumped":true,"o":[0.949664831161499,-0.3131354749202728,0.0091050760820508,0.31312108039855957,0.9497084617614746,0.00300210271961987,-0.009587232954800129,-0.0,0.9999540448188782],"on_ground":false,"pitch":0.0,"roll":0.0,"steer":0.0,"supersonic":false,"throttle":0.0,"time":951.2431030273438,"v":[2.07099986076355,0.5709999799728394,314.7149963378906],"w":[-0.00030999997397884727,0.0004099999787285924,0.0],"x":[-2650.09814453125,447.239990234375,166.622314453125],"yaw":0.0},"ball":{"v":[0.0,0.0,0.0],"w":[0.0,0.0,0.0],"x":[0.0,0.0,92.73999786376953]}}
{"car":{"boost":false,"boost_left":93,"dodge_dir":[2.3512056226468525e-38,2.3510604481259484e-38],"dodge_timer":-1.0,"double_jumped":false,"handbrake":false,"jump":true,"jump_timer":-1.0,"jumped":true,"o":[0.949664831161499,-0.3131354749202728,0.0091050760820508,0.31312108039855957,0.9497084617614746,0.00300210271961987,-0.009587232954800129,-0.0,0.9999540448188782],"on_ground":false,"pitch":0.0,"roll":0.0,"steer":0.0,"supersonic":false,"throttle":0.0,"time":951.25146484375,"v":[2.07099986076355,0.5709999799728394,309.2584228515625],"w":[-0.00030999997397884727,0.0004099999787285924,0.0],"x":[-2650.078125,447.239990234375,169.2161407470703],"yaw":0.0},"ball":{"v":[0.0,0.0,0.0],"w":[0.0,0.0,0.0],"x":[0.0,0.0,92.73999786376953]}}
{"car":{"boost":false,"boost_left":93,"dodge_dir":[2.3512056226468525e-38,2.3510604481259484e-38],"dodge_timer":-1.0,"double_jumped":false,"handbrake":false,"jump":true,"jump_timer":-1.0,"jumped":true,"o":[0.949664831161499,-0.3131354749202728,0.0091050760820508,0.31312108039855957,0.9497084617614746,0.00300210271961987,-0.009587232954800129,-0.0,0.9999540448188782],"on_ground":false,"pitch":0.0,"roll":0.0,"steer":0.0,"supersonic":false,"throttle":0.0,"time":951.2598876953125,"v":[2.07099986076355,0.5709999799728394,303.80267333984375],"w":[-0.00030999997397884727,0.0004099999787285924,0.0],"x":[-2650.05810546875,447.239990234375,171.76812744140625],"yaw":0.0},"ball":{"v":[0.0,0.0,0.0],"w":[0.0,0.0,0.0],"x":[0.0,0.0,92.73999786376953]}}
{"car":{"boost":false,"boost_left":93,"dodge_dir":[2.3512056226468525e-38,2.3510604481259484e-38],"dodge_timer":-1.0,"double_jumped":false,"handbrake":false,"jump":true,"jump_timer":-1.0,"jumped":true,"o":[0.949664831161499,-0.3131354749202728,0.0091050760820508,0.31312108039855957,0.9497084617614746,0.00300210271961987,-0.009587232954800129,-0.0,0.9999540448188782],"on_ground":false,"pitch":0.0,"roll":0.0,"steer":0.0,"supersonic":false,"throttle":0.0,"time":951.2682495117188,"v":[2.07099986076355,0.5709999799728394,298.34307861328125],"w":[-0.00030999997397884727,0.0004099999787285924,0.0],"x":[-2650.0380859375,447.239990234375,174.27218627929688],"yaw":0.0},"ball":{"v":[0.0,0.0,0.0],"w":[0.0,0.0,0.0],"x":[0.0,0.0,92.73999786376953]}}
{"car":{"boost":false,"boost_left":93,"dodge_dir":[2.3512056226468525e-38,2.3510604481259484e-38],"dodge_timer":-1.0,"double_jumped":false,"handbrake":false,"jump":true,"jump_timer":-1.0,"jumped":true,"o":[0.949664831161499,-0.3131354749202728,0.0091050760820508,0.31312108039855957,0.9497084617614746,0.00300210271961987,-0.009587232954800129,-0.0,0.9999540448188782],"on_ground":false,"pitch":0.0,"roll":0.0,"steer":0.0,"supersonic":false,"throttle":0.0,"time":951.276611328125,"v":[2.07099986076355,0.5709999799728394,292.91265869140625],"w":[-0.00030999997397884727,0.0004099999787285924,0.0],"x":[-2650.017822265625,447.239990234375,176.72166442871094],"yaw":0.0},"ball":{"v":[0.0,0.0,0.0],"w":[0.0,0.0,0.0],"x":[0.0,0.0,92.73999786376953]}}
{"car":{"boost":false,"boost_left":93,"dodge_dir":[2.3512056226468525e-38,2.3510604481259484e-38],"dodge_timer":-1.0,"double_jumped":false,"handbrake":false,"jump":true,"jump_timer":-1.0,"jumped":true,"o":[0.949664831161499,-0.3131354749202728,0.0091050760820508,0.31312108039855957,0.9497084617614746,0.00300210271961987,-0.009587232954800129,-0.0,0.9999540448188782],"on_ground":false,"pitch":0.0,"roll":0.0,"steer":0.0,"supersonic":false,"throttle":0.0,"time":951.2849731445313,"v":[2.07099986076355,0.5709999799728394,287.4772033691406],"w":[-0.00030999997397884727,0.0004099999787285924,0.0],"x":[-2649.997802734375,447.239990234375,179.1241912841797],"yaw":0.0},"ball":{"v":[0.0,0.0,0.0],"w":[0.0,0.0,0.0],"x":[0.0,0.0,92.73999786376953]}}
{"car":{"boost":false,"boost_left":93,"dodge_dir":[2.3512056226468525e-38,2.3510604481259484e-38],"dodge_timer":-1.0,"double_jumped":false,"handbrake":false,"jump":true,"jump_timer":-1.0,"jumped":true,"o":[0.949664831161499,-0.3131354749202728,0.0091050760820508,0.31312108039855957,0.9497084617614746,0.00300210271961987,-0.009587232954800129,-0.0,0.9999540448188782],"on_ground":false,"pitch":0.0,"roll":0.0,"steer":0.0,"supersonic":false,"throttle":0.0,"time":951.29345703125,"v":[2.07099986076355,0.5709999799728394,282.0467834472656],"w":[-0.00030999997397884727,0.0004099999787285924,0.0],"x":[-2649.977783203125,447.239990234375,181.48324584960938],"yaw":0.0},"ball":{"v":[0.0,0.0,0.0],"w":[0.0,0.0,0.0],"x":[0.0,0.0,92.73999786376953]}}
{"car":{"boost":false,"boost_left":93,"dodge_dir":[2.3512056226468525e-38,2.3510604481259484e-38],"dodge_timer":-1.0,"double_jumped":false,"handbrake":false,"jump":true,"jump_timer":-1.0,"jumped":true,"o":[0.949664831161499,-0.3131354749202728,0.0091050760820508,0.31312108039855957,0.9497084617614746,0.00300210271961987,-0.009587232954800129,-0.0,0.9999540448188782],"on_ground":false,"pitch":0.0,"roll":0.0,"steer":0.0,"supersonic":false,"throttle":0.0,"time":951.3018188476563,"v":[2.07099986076355,0.5709999799728394,276.52850341796875],"w":[-0.00030999997397884727,0.0004099999787285924,0.0],"x":[-2649.95751953125,447.239990234375,183.8300323486328],"yaw":0.0},"ball":{"v":[0.0,0.0,0.0],"w":[0.0,0.0,0.0],"x":[0.0,0.0,92.73999786376953]}}
{"car":{"boost":false,"boost_left":93,"dodge_dir":[2.3512056226468525e-38,2.3510604481259484e-38],"dodge_timer":-1.0,"double_jumped":false,"handbrake":false,"jump":true,"jump_timer":-1.0,"jumped":true,"o":[0.949664831161499,-0.3131354749202728,0.0091050760820508,0.31312108039855957,0.9497084617614746,0.00300210271961987,-0.009587232954800129,-0.0,0.9999540448188782],"on_ground":false,"pitch":0.0,"roll":0.0,"steer":0.0,"supersonic":false,"throttle":0.0,"time":951.3185424804688,"v":[2.07099986076355,0.5709999799728394,265.6678466796875],"w":[-0.00030999997397884727,0.0004099999787285924,0.0],"x":[-2649.917236328125,447.239990234375,188.31552124023438],"yaw":0.0},"ball":{"v":[0.0,0.0,0.0],"w":[0.0,0.0,0.0],"x":[0.0,0.0,92.73999786376953]}}
{"car":{"boost":false,"boost_left":93,"dodge_dir":[2.3512056226468525e-38,2.3510604481259484e-38],"dodge_timer":-1.0,"double_jumped":false,"handbrake":false,"jump":true,"jump_timer":-1.0,"jumped":true,"o":[0.949664831161499,-0.3131354749202728,0.0091050760820508,0.31312108039855957,0.9497084617614746,0.00300210271961987,-0.009587232954800129,-0.0,0.9999540448188782],"on_ground":false,"pitch":0.0,"roll":0.0,"steer":0.0,"supersonic":false,"throttle":0.0,"time":951.326904296875,"v":[2.07099986076355,0.5709999799728394,260.2378234863281],"w":[-0.00030999997397884727,0.0004099999787285924,0.0],"x":[-2649.897216796875,447.239990234375,190.48419189453125],"yaw":0.0},"ball":{"v":[0.0,0.0,0.0],"w":[0.0,0.0,0.0],"x":[0.0,0.0,92.73999786376953]}}
{"car":{"boost":false,"boost_left":93,"dodge_dir":[2.3512056226468525e-38,2.3510604481259484e-38],"dodge_timer":-1.0,"double_jumped":false,"handbrake":false,"jump":true,"jump_timer":-1.0,"jumped":true,"o":[0.949664831161499,-0.3131354749202728,0.0091050760820508,0.31312108039855957,0.9497084617614746,0.00300210271961987,-0.009587232954800129,-0.0,0.9999540448188782],"on_ground":false,"pitch":0.0,"roll":0.0,"steer":0.0,"supersonic":false,"throttle":0.0,"time":951.3352661132813,"v":[2.07099986076355,0.5709999799728394,254.80780029296875],"w":[-0.00030999997397884727,0.0004099999787285924,0.0],"x":[-2649.877197265625,447.239990234375,192.6113739013672],"yaw":0.0},"ball":{"v":[0.0,0.0,0.0],"w":[0.0,0.0,0.0],"x":[0.0,0.0,92.73999786376953]}}
{"car":{"boost":false,"boost_left":93,"dodge_dir":[2.3512056226468525e-38,2.3510604481259484e-38],"dodge_timer":-1.0,"double_jumped":false,"handbrake":false,"jump":true,"jump_timer":-1.0,"jumped":true,"o":[0.949664831161499,-0.3131354749202728,0.0091050760820508,0.31312108039855957,0.9497084617614746,0.00300210271961987,-0.009587232954800129,-0.0,0.9999540448188782],"on_ground":false,"pitch":0.0,"roll":0.0,"steer":0.0,"supersonic":false,"throttle":0.0,"time":951.3519897460938,"v":[2.07099986076355,0.5709999799728394,243.94796752929688],"w":[-0.00030999997397884727,0.0004099999787285924,0.0],"x":[-2649.837158203125,447.239990234375,196.7264862060547],"yaw":0.0},"ball":{"v":[0.0,0.0,0.0],"w":[0.0,0.0,0.0],"x":[0.0,0.0,92.73999786376953]}}
{"car":{"boost":false,"boost_left":93,"dodge_dir":[2.3512056226468525e-38,2.3510604481259484e-38],"dodge_timer":-1.0,"double_jumped":false,"handbrake":false,"jump":true,"jump_timer":-1.0,"jumped":true,"o":[0.949664831161499,-0.3131354749202728,0.0091050760820508,0.31312108039855957,0.9497084617614746,0.00300210271961987,-0.009587232954800129,-0.0,0.9999540448188782],"on_ground":false,"pitch":0.0,"roll":0.0,"steer":0.0,"supersonic":false,"throttle":0.0,"time":951.3603515625,"v":[2.07099986076355,0.5709999799728394,238.51231384277344],"w":[-0.00030999997397884727,0.0004099999787285924,0.0],"x":[-2649.817138671875,447.239990234375,198.716552734375],"yaw":0.0},"ball":{"v":[0.0,0.0,0.0],"w":[0.0,0.0,0.0],"x":[0.0,0.0,92.73999786376953]}}
{"car":{"boost":false,"boost_left":93,"dodge_dir":[2.3512056226468525e-38,2.3510604481259484e-38],"dodge_timer":-1.0,"double_jumped":false,"handbrake":false,"jump":true,"jump_timer":-1.0,"jumped":true,"o":[0.949664831161499,-0.3131354749202728,0.0091050760820508,0.31312108039855957,0.9497084617614746,0.00300210271961987,-0.009587232954800129,-0.0,0.9999540448188782],"on_ground":false,"pitch":0.0,"roll":0.0,"steer":0.0,"supersonic":false,"throttle":0.0,"time":951.3687133789063,"v":[2.07099986076355,0.5709999799728394,233.08009338378906],"w":[-0.00030999997397884727,0.0004099999787285924,0.0],"x":[-2649.797119140625,447.239990234375,200.66375732421875],"yaw":0.0},"ball":{"v":[0.0,0.0,0.0],"w":[0.0,0.0,0.0],"x":[0.0,0.0,92.73999786376953]}}
{"car":{"boost":false,"boost_left":93,"dodge_dir":[2.3512056226468525e-38,2.3510604481259484e-38],"dodge_timer":-1.0,"double_jumped":false,"handbrake":false,"jump":true,"jump_timer":-1.0,"jumped":true,"o":[0.949664831161499,-0.3131354749202728,0.0091050760820508,0.31312108039855957,0.9497084617614746,0.00300210271961987,-0.009587232954800129,-0.0,0.9999540448188782],"on_ground":false,"pitch":0.0,"roll":0.0,"steer":0.0,"supersonic":false,"throttle":0.0,"time":951.3770751953125,"v":[2.07099986076355,0.5709999799728394,227.64122009277344],"w":[-0.00030999997397884727,0.0004099999787285924,0.0],"x":[-2649.777099609375,447.239990234375,202.564453125],"yaw":0.0},"ball":{"v":[0.0,0.0,0.0],"w":[0.0,0.0,0.0],"x":[0.0,0.0,92.73999786376953]}}
{"car":{"boost":false,"boost_left":93,"dodge_dir":[2.3512056226468525e-38,2.3510604481259484e-38],"dodge_timer":-1.0,"double_jumped":false,"handbrake":false,"jump":true,"jump_timer":-1.0,"jumped":true,"o":[0.949664831161499,-0.3131354749202728,0.0091050760820508,0.31312108039855957,0.9497084617614746,0.00300210271961987,-0.009587232954800129,-0.0,0.9999540448188782],"on_ground":false,"pitch":0.0,"roll":0.0,"steer":0.0,"supersonic":false,"throttle":0.0,"time":951.3854370117188,"v":[2.07099986076355,0.5709999799728394,222.20574951171875],"w":[-0.00030999997397884727,0.0004099999787285924,0.0],"x":[-2649.757080078125,447.239990234375,204.4222412109375],"yaw":0.0},"ball":{"v":[0.0,0.0,0.0],"w":[0.0,0.0,0.0],"x":[0.0,0.0,92.73999786376953]}}
{"car":{"boost":false,"boost_left":93,"dodge_dir":[2.3512056226468525e-38,2.3510604481259484e-38],"dodge_timer":-1.0,"double_jumped":false,"handbrake":false,"jump":true,"jump_timer":-1.0,"jumped":true,"o":[0.949664831161499,-0.3131354749202728,0.0091050760820508,0.31312108039855957,0.9497084617614746,0.00300210271961987,-0.009587232954800129,-0.0,0.9999540448188782],"on_ground":false,"pitch":0.0,"roll":0.0,"steer":0.0,"supersonic":false,"throttle":0.0,"time":951.393798828125,"v":[2.07099986076355,0.5709999799728394,216.7600555419922],"w":[-0.00030999997397884727,0.0004099999787285924,0.0],"x":[-2649.73681640625,447.239990234375,206.234619140625],"yaw":0.0},"ball":{"v":[0.0,0.0,0.0],"w":[0.0,0.0,0.0],"x":[0.0,0.0,92.73999786376953]}}
{"car":{"boost":false,"boost_left":93,"dodge_dir":[2.3512056226468525e-38,2.3510604481259484e-38],"dodge_timer":-1.0,"double_jumped":false,"handbrake":false,"jump":true,"jump_timer":-1.0,"jumped":true,"o":[0.949664831161499,-0.3131354749202728,0.0091050760820508,0.31312108039855957,0.9497084617614746,0.00300210271961987,-0.009587232954800129,-0.0,0.9999540448188782],"on_ground":false,"pitch":0.0,"roll":0.0,"steer":0.0,"supersonic":false,"throttle":0.0,"time":951.4107055664063,"v":[2.07099986076355,0.5709999799728394,205.84532165527344],"w":[-0.00030999997397884727,0.0004099999787285924,0.0],"x":[-2649.696533203125,447.239990234375,209.73382568359375],"yaw":0.0},"ball":{"v":[0.0,0.0,0.0],"w":[0.0,0.0,0.0],"x":[0.0,0.0,92.73999786376953]}}
{"car":{"boost":false,"boost_left":93,"dodge_dir":[2.3512056226468525e-38,2.3510604481259484e-38],"dodge_timer":-1.0,"double_jumped":false,"handbrake":false,"jump":true,"jump_timer":-1.0,"jumped":true,"o":[0.949664831161499,-0.3131354749202728,0.0091050760820508,0.31312108039855957,0.9497084617614746,0.00300210271961987,-0.009587232954800129,-0.0,0.9999540448188782],"on_ground":false,"pitch":0.0,"roll":0.0,"steer":0.0,"supersonic":false,"throttle":0.0,"time":951.4190673828125,"v":[2.07099986076355,0.5709999799728394,200.3439178466797],"w":[-0.00030999997397884727,0.0004099999787285924,0.0],"x":[-2649.67626953125,447.239990234375,211.4298553466797],"yaw":0.0},"ball":{"v":[0.0,0.0,0.0],"w":[0.0,0.0,0.0],"x":[0.0,0.0,92.73999786376953]}}
{"car":{"boost":false,"boost_left":93,"dodge_dir":[2.3512056226468525e-38,2.3510604481259484e-38],"dodge_timer":-1.0,"double_jumped":false,"handbrake":false,"jump":true,"jump_timer":-1.0,"jumped":true,"o":[0.949664831161499,-0.3131354749202728,0.0091050760820508,0.31312108039855957,0.9497084617614746,0.00300210271961987,-0.009587232954800129,-0.0,0.9999540448188782],"on_ground":false,"pitch":0.0,"roll":0.0,"steer":0.0,"supersonic":false,"throttle":0.0,"time":951.4358520507813,"v":[2.07099986076355,0.5709999799728394,189.455322265625],"w":[-0.00030999997397884727,0.0004099999787285924,0.0],"x":[-2649.635986328125,447.239990234375,214.64710998535156],"yaw":0.0},"ball":{"v":[0.0,0.0,0.0],"w":[0.0,0.0,0.0],"x":[0.0,0.0,92.73999786376953]}}
{"car":{"boost":true,"boost_left":93,"dodge_dir":[2.3512056226468525e-38,2.3510604481259484e-38],"dodge_timer":-1.0,"double_jumped":false,"handbrake":false,"jump":true,"jump_timer":-1.0,"jumped":true,"o":[0.949664831161499,-0.3131354749202728,0.0091050760820508,0.31312108039855957,0.9497084617614746,0.00300210271961987,-0.009587232954800129,-0.0,0.9999540448188782],"on_ground":false,"pitch":0.0,"roll":0.0,"steer":0.0,"supersonic":false,"throttle":0.0,"time":951.4442138671875,"v":[2.07099986076355,0.5709999799728394,184.0251007080078],"w":[-0.00030999997397884727,0.0004099999787285924,0.0],"x":[-2649.615966796875,447.239990234375,216.18222045898438],"yaw":0.0},"ball":{"v":[0.0,0.0,0.0],"w":[0.0,0.0,0.0],"x":[0.0,0.0,92.73999786376953]}}
{"car":{"boost":true,"boost_left":93,"dodge_dir":[2.3512056226468525e-38,2.3510604481259484e-38],"dodge_timer":-1.0,"double_jumped":false,"handbrake":false,"jump":true,"jump_timer":-1.0,"jumped":true,"o":[0.949664831161499,-0.3131354749202728,0.0091050760820508,0.31312108039855957,0.9497084617614746,0.00300210271961987,-0.009587232954800129,-0.0,0.9999540448188782],"on_ground":false,"pitch":0.0,"roll":0.0,"steer":0.0,"supersonic":false,"throttle":0.0,"time":951.4525756835938,"v":[3.6128597259521484,1.0783977508544922,178.57933044433594],"w":[-0.00030999997397884727,0.0004099999787285924,0.0],"x":[-2649.584228515625,447.2458801269531,217.6751708984375],"yaw":0.0},"ball":{"v":[0.0,0.0,0.0],"w":[0.0,0.0,0.0],"x":[0.0,0.0,92.73999786376953]}}
{"car":{"boost":true,"boost_left":92,"dodge_dir":[2.3512056226468525e-38,2.3510604481259484e-38],"dodge_timer":-1.0,"double_jumped":false,"handbrake":false,"jump":true,"jump_timer":-1.0,"jumped":true,"o":[0.949664831161499,-0.3131354749202728,0.0091050760820508,0.31312108039855957,0.9497084617614746,0.00300210271961987,-0.009587232954800129,-0.0,0.9999540448188782],"on_ground":false,"pitch":0.0,"roll":0.0,"steer":0.0,"supersonic":false,"throttle":0.0,"time":951.4693603515625,"v":[20.005556106567383,6.479671478271484,167.5277862548828],"w":[-0.00030999997397884727,0.0004099999787285924,0.0],"x":[-2649.324462890625,447.33441162109375,220.53021240234375],"yaw":0.0},"ball":{"v":[0.0,0.0,0.0],"w":[0.0,0.0,0.0],"x":[0.0,0.0,92.73999786376953]}}
{"car":{"boost":false,"boost_left":92,"dodge_dir":[2.3512056226468525e-38,2.3510604481259484e-38],"dodge_timer":-1.0,"double_jumped":false,"handbrake":false,"jump":true,"jump_timer":-1.0,"jumped":true,"o":[0.949664831161499,-0.3131354749202728,0.0091050760820508,0.31312108039855957,0.9497084617614746,0.00300210271961987,-0.009587232954800129,-0.0,0.9999540448188782],"on_ground":false,"pitch":0.0,"roll":0.0,"steer":0.0,"supersonic":false,"throttle":0.0,"time":951.4785766601563,"v":[28.40500259399414,9.249382019042969,162.00843811035156],"w":[-0.00030999997397884727,0.0004099999787285924,0.0],"x":[-2649.089111328125,447.41094970703125,221.884521484375],"yaw":0.0},"ball":{"v":[0.0,0.0,0.0],"w":[0.0,0.0,0.0],"x":[0.0,0.0,92.73999786376953]}}
{"car":{"boost":false,"boost_left":92,"dodge_dir":[2.3512056226468525e-38,2.3510604481259484e-38],"dodge_timer":-1.0,"double_jumped":false,"handbrake":false,"jump":true,"jump_timer":-1.0,"jumped":true,"o":[0.949664831161499,-0.3131354749202728,0.0091050760820508,0.31312108039855957,0.9497084617614746,0.00300210271961987,-0.009587232954800129,-0.0,0.9999540448188782],"on_ground":false,"pitch":0.0,"roll":0.0,"steer":0.0,"supersonic":false,"throttle":0.0,"time":951.4869384765625,"v":[37.65874481201172,12.30079460144043,155.92771911621094],"w":[-0.00030999997397884727,0.0004099999787285924,0.0],"x":[-2648.746337890625,447.5278015136719,223.3202362060547],"yaw":0.0},"ball":{"v":[0.0,0.0,0.0],"w":[0.0,0.0,0.0],"x":[0.0,0.0,92.73999786376953]}}
{"car":{"boost":false,"boost_left":91,"dodge_dir":[2.3512056226468525e-38,2.3510604481259484e-38],"dodge_timer":-1.0,"double_jumped":false,"handbrake":false,"jump":true,"jump_timer":-1.0,"jumped":true,"o":[0.949664831161499,-0.3131354749202728,0.0091050760820508,0.31312108039855957,0.9497084617614746,0.00300210271961987,-0.009587232954800129,-0.0,0.9999540448188782],"on_ground":false,"pitch":0.0,"roll":0.0,"steer":0.0,"supersonic":false,"throttle":0.0,"time":951.4953002929688,"v":[46.04452896118164,15.065999031066895,150.4173583984375],"w":[-0.00030999997397884727,0.0004099999787285924,0.0],"x":[-2648.363525390625,447.6543884277344,224.57676696777344],"yaw":0.0},"ball":{"v":[0.0,0.0,0.0],"w":[0.0,0.0,0.0],"x":[0.0,0.0,92.73999786376953]}}
{"car":{"boost":false,"boost_left":91,"dodge_dir":[2.3512056226468525e-38,2.3510604481259484e-38],"dodge_timer":-1.0,"double_jumped":false,"handbrake":false,"jump":true,"jump_timer":-1.0,"jumped":true,"o":[0.949664831161499,-0.3131354749202728,0.0091050760820508,0.31312108039855957,0.9497084617614746,0.00300210271961987,-0.009587232954800129,-0.0,0.9999540448188782],"on_ground":false,"pitch":0.0,"roll":0.0,"steer":0.0,"supersonic":false,"throttle":0.0,"time":951.5120239257813,"v":[62.80864715576172,20.593950271606445,139.40150451660156],"w":[-0.00030999997397884727,0.0004099999787285924,0.0],"x":[-2647.387451171875,447.97076416015625,226.9514923095703],"yaw":0.0},"ball":{"v":[0.0,0.0,0.0],"w":[0.0,0.0,0.0],"x":[0.0,0.0,92.73999786376953]}}
{"car":{"boost":false,"boost_left":91,"dodge_dir":[2.3512056226468525e-38,2.3510604481259484e-38],"dodge_timer":-1.0,"double_jumped":false,"handbrake":false,"jump":true,"jump_timer":-1.0,"jumped":true,"o":[0.949664831161499,-0.3131354749202728,0.0091050760820508,0.31312108039855957,0.9497084617614746,0.00300210271961987,-0.009587232954800129,-0.0,0.9999540448188782],"on_ground":false,"pitch":0.0,"roll":0.0,"steer":0.0,"supersonic":false,"throttle":0.0,"time":951.5203857421875,"v":[71.18698120117188,23.356698989868164,133.89602661132813],"w":[-0.00030999997397884727,0.0004099999787285924,0.0],"x":[-2646.794677734375,448.1673583984375,228.0665740966797],"yaw":0.0},"ball":{"v":[0.0,0.0,0.0],"w":[0.0,0.0,0.0],"x":[0.0,0.0,92.73999786376953]}}
{"car":{"boost":false,"boost_left":90,"dodge_dir":[2.3512056226468525e-38,2.3510604481259484e-38],"dodge_timer":-1.0,"double_jumped":false,"handbrake":false,"jump":true,"jump_timer":-1.0,"jumped":true,"o":[0.949664831161499,-0.3131354749202728,0.0091050760820508,0.31312108039855957,0.9497084617614746,0.00300210271961987,-0.009587232954800129,-0.0,0.9999540448188782],"on_ground":false,"pitch":0.0,"roll":0.0,"steer":0.0,"supersonic":false,"throttle":0.0,"time":951.537109375,"v":[87.93711853027344,28.880043029785156,122.88935089111328],"w":[-0.00030999997397884727,0.0004099999787285924,0.0],"x":[-2645.398681640625,448.62371826171875,230.1588897705078],"yaw":0.0},"ball":{"v":[0.0,0.0,0.0],"w":[0.0,0.0,0.0],"x":[0.0,0.0,92.73999786376953]}}
{"car":{"boost":false,"boost_left":90,"dodge_dir":[2.3512056226468525e-38,2.3510604481259484e-38],"dodge_timer":-1.0,"double_jumped":false,"handbrake":false,"jump":true,"jump_timer":-1.0,"jumped":true,"o":[0.949664831161499,-0.3131354749202728,0.0091050760820508,0.31312108039855957,0.9497084617614746,0.00300210271961987,-0.009587232954800129,-0.0,0.9999540448188782],"on_ground":false,"pitch":0.0,"roll":0.0,"steer":0.0,"supersonic":false,"throttle":0.0,"time":951.5454711914063,"v":[96.30862426757813,31.640539169311523,117.38835906982422],"w":[-0.00030999997397884727,0.0004099999787285924,0.0],"x":[-2644.595947265625,448.8902282714844,231.1361846923828],"yaw":0.0},"ball":{"v":[0.0,0.0,0.0],"w":[0.0,0.0,0.0],"x":[0.0,0.0,92.73999786376953]}}
{"car":{"boost":false,"boost_left":89,"dodge_dir":[2.3512056226468525e-38,2.3510604481259484e-38],"dodge_timer":-1.0,"double_jumped":false,"handbrake":false,"jump":true,"jump_timer":-1.0,"jumped":true,"o":[0.949664831161499,-0.3131354749202728,0.0091050760820508,0.31312108039855957,0.9497084617614746,0.00300210271961987,-0.009587232954800129,-0.0,0.9999540448188782],"on_ground":false,"pitch":0.0,"roll":0.0,"steer":0.0,"supersonic":false,"throttle":0.0,"time":951.5538330078125,"v":[102.14860534667969,33.5657958984375,111.91075897216797],"w":[-0.00030999997397884727,0.0004099999787285924,0.0],"x":[-2643.74609375,449.17022705078125,232.07009887695313],"yaw":0.0},"ball":{"v":[0.0,0.0,0.0],"w":[0.0,0.0,0.0],"x":[0.0,0.0,92.73999786376953]}}
{"car":{"boost":false,"boost_left":89,"dodge_dir":[2.3512056226468525e-38,2.3510604481259484e-38],"dodge_timer":-1.0,"double_jumped":false,"handbrake":false,"jump":true,"jump_timer":-1.0,"jumped":true,"o":[0.949664831161499,-0.3131354749202728,0.0091050760820508,0.31312108039855957,0.9497084617614746,0.00300210271961987,-0.009587232954800129,-0.0,0.9999540448188782],"on_ground":false,"pitch":0.0,"roll":0.0,"steer":0.0,"supersonic":false,"throttle":0.0,"time":951.570556640625,"v":[102.5009994506836,33.680999755859375,101.06263732910156],"w":[-0.00030999997397884727,0.0004099999787285924,0.0],"x":[-2642.045654296875,449.7303161621094,233.80128479003906],"yaw":0.0},"ball":{"v":[0.0,0.0,0.0],"w":[0.0,0.0,0.0],"x":[0.0,0.0,92.73999786376953]}}
