{"car":{"boost":false,"boost_left":49,"dodge_dir":[2.3512056226468525e-38,2.3510604481259484e-38],"dodge_timer":-1.0,"double_jumped":false,"handbrake":false,"jump":false,"jump_timer":-1.0,"jumped":false,"o":[0.025402653962373734,0.999677300453186,0.00024355236382689327,-0.9996313452720642,0.0254038218408823,-0.009584139101207256,-0.009587232954800129,-0.0,0.9999540448188782],"on_ground":true,"pitch":0.0,"roll":0.0,"steer":0.0,"supersonic":false,"throttle":0.0,"time":990.988037109375,"v":[0.0,0.0,8.321000099182129],"w":[0.0,0.0,0.0],"x":[-619.2999877929688,-2232.919921875,17.010000228881836],"yaw":0.0},"ball":{"v":[0.0,0.0,0.0],"w":[0.0,0.0,0.0],"x":[0.0,0.0,92.73999786376953]}}
{"car":{"boost":false,"boost_left":49,"dodge_dir":[2.3512056226468525e-38,2.3510604481259484e-38],"dodge_timer":-1.0,"double_jumped":false,"handbrake":false,"jump":false,"jump_timer":-1.0,"jumped":false,"o":[0.025402653962373734,0.999677300453186,0.00024355236382689327,-0.9996313452720642,0.0254038218408823,-0.009584139101207256,-0.009587232954800129,-0.0,0.9999540448188782],"on_ground":true,"pitch":0.0,"roll":0.0,"steer":0.0,"supersonic":false,"throttle":0.0,"time":990.9963989257813,"v":[0.0,0.0,8.321000099182129],"w":[0.0,0.0,0.0],"x":[-619.2999877929688,-2232.919921875,17.010000228881836],"yaw":0.0},"ball":{"v":[0.0,0.0,0.0],"w":[0.0,0.0,0.0],"x":[0.0,0.0,92.73999786376953]}}
{"car":{"boost":false,"boost_left":49,"dodge_dir":[2.3512056226468525e-38,2.3510604481259484e-38],"dodge_timer":-1.0,"double_jumped":false,"handbrake":false,"jump":false,"jump_timer":-1.0,"jumped":false,"o":[0.025402653962373734,0.999677300453186,0.00024355236382689327,-0.9996313452720642,0.0254038218408823,-0.009584139101207256,-0.009587232954800129,-0.0,0.9999540448188782],"on_ground":true,"pitch":0.0,"roll":0.0,"steer":0.0,"supersonic":false,"throttle":0.0,"time":991.0047607421875,"v":[0.0,0.0,8.321000099182129],"w":[0.0,0.0,0.0],"x":[-619.2999877929688,-2232.919921875,17.010000228881836],"yaw":0.0},"ball":{"v":[0.0,0.0,0.0],"w":[0.0,0.0,0.0],"x":[0.0,0.0,92.73999786376953]}}
{"car":{"boost":false,"boost_left":49,"dodge_dir":[2.3512056226468525e-38,2.3510604481259484e-38],"dodge_timer":-1.0,"double_jumped":false,"handbrake":false,"jump":false,"jump_timer":-1.0,"jumped":false,"o":[0.025402653962373734,0.999677300453186,0.00024355236382689327,-0.9996313452720642,0.0254038218408823,-0.009584139101207256,-0.009587232954800129,-0.0,0.9999540448188782],"on_ground":true,"pitch":0.0,"roll":0.0,"steer":0.0,"supersonic":false,"throttle":0.0,"time":991.01318359375,"v":[0.0,0.0,8.321000099182129],"w":[0.0,0.0,0.0],"x":[-619.2999877929688,-2232.919921875,17.010000228881836],"yaw":0.0},"ball":{"v":[0.0,0.0,0.0],"w":[0.0,0.0,0.0],"x":[0.0,0.0,92.73999786376953]}}
{"car":{"boost":false,"boost_left":49,"dodge_dir":[2.3512056226468525e-38,2.3510604481259484e-38],"dodge_timer":-1.0,"double_jumped":false,"handbrake":false,"jump":false,"jump_timer":-1.0,"jumped":false,"o":[0.025402653962373734,0.999677300453186,0.00024355236382689327,-0.9996313452720642,0.0254038218408823,-0.009584139101207256,-0.009587232954800129,-0.0,0.9999540448188782],"on_ground":true,"pitch":0.0,"roll":0.0,"steer":0.0,"supersonic":false,"throttle":0.0,"time":991.0215454101563,"v":[0.0,0.0,8.321000099182129],"w":[0.0,0.0,0.0],"x":[-619.2999877929688,-2232.919921875,17.010000228881836],"yaw":0.0},"ball":{"v":[0.0,0.0,0.0],"w":[0.0,0.0,0.0],"x":[0.0,0.0,92.73999786376953]}}
{"car":{"boost":false,"boost_left":49,"dodge_dir":[2.3512056226468525e-38,2.3510604481259484e-38],"dodge_timer":-1.0,"double_jumped":false,"handbrake":false,"jump":false,"jump_timer":-1.0,"jumped":false,"o":[0.025402653962373734,0.999677300453186,0.00024355236382689327,-0.9996313452720642,0.0254038218408823,-0.009584139101207256,-0.009587232954800129,-0.0,0.9999540448188782],"on_ground":true,"pitch":0.0,"roll":0.0,"steer":0.0,"supersonic":false,"throttle":0.0,"time":991.0299682617188,"v":[0.0,0.0,8.321000099182129],"w":[0.0,0.0,0.0],"x":[-619.2999877929688,-2232.919921875,17.010000228881836],"yaw":0.0},"ball":{"v":[0.0,0.0,0.0],"w":[0.0,0.0,0.0],"x":[0.0,0.0,92.73999786376953]}}
{"car":{"boost":false,"boost_left":49,"dodge_dir":[2.3512056226468525e-38,2.3510604481259484e-38],"dodge_timer":-1.0,"double_jumped":false,"handbrake":false,"jump":false,"jump_timer":-1.0,"jumped":false,"o":[0.025402653962373734,0.999677300453186,0.00024355236382689327,-0.9996313452720642,0.0254038218408823,-0.009584139101207256,-0.009587232954800129,-0.0,0.9999540448188782],"on_ground":true,"pitch":0.0,"roll":0.0,"steer":0.0,"supersonic":false,"throttle":0.0,"time":991.038330078125,"v":[0.0,0.0,8.321000099182129],"w":[0.0,0.0,0.0],"x":[-619.2999877929688,-2232.919921875,17.010000228881836],"yaw":0.0},"ball":{"v":[0.0,0.0,0.0],"w":[0.0,0.0,0.0],"x":[0.0,0.0,92.73999786376953]}}
{"car":{"boost":false,"boost_left":49,"dodge_dir":[2.3512056226468525e-38,2.3510604481259484e-38],"dodge_timer":-1.0,"double_jumped":false,"handbrake":false,"jump":false,"jump_timer":-1.0,"jumped":false,"o":[0.025402653962373734,0.999677300453186,0.00024355236382689327,-0.9996313452720642,0.0254038218408823,-0.009584139101207256,-0.009587232954800129,-0.0,0.9999540448188782],"on_ground":true,"pitch":0.0,"roll":0.0,"steer":0.0,"supersonic":false,"throttle":0.0,"time":991.0466918945313,"v":[0.0,0.0,8.321000099182129],"w":[0.0,0.0,0.0],"x":[-619.2999877929688,-2232.919921875,17.010000228881836],"yaw":0.0},"ball":{"v":[0.0,0.0,0.0],"w":[0.0,0.0,0.0],"x":[0.0,0.0,92.73999786376953]}}
{"car":{"boost":false,"boost_left":49,"dodge_dir":[2.3512056226468525e-38,2.3510604481259484e-38],"dodge_timer":-1.0,"double_jumped":false,"handbrake":false,"jump":false,"jump_timer":-1.0,"jumped":false,"o":[0.025402653962373734,0.999677300453186,0.00024355236382689327,-0.9996313452720642,0.0254038218408823,-0.009584139101207256,-0.009587232954800129,-0.0,0.9999540448188782],"on_ground":true,"pitch":0.0,"roll":0.0,"steer":0.0,"supersonic":false,"throttle":0.0,"time":991.0550537109375,"v":[0.0,0.0,8.321000099182129],"w":[0.0,0.0,0.0],"x":[-619.2999877929688,-2232.919921875,17.010000228881836],"yaw":0.0},"ball":{"v":[0.0,0.0,0.0],"w":[0.0,0.0,0.0],"x":[0.0,0.0,92.73999786376953]}}
{"car":{"boost":false,"boost_left":49,"dodge_dir":[2.3512056226468525e-38,2.3510604481259484e-38],"dodge_timer":-1.0,"double_jumped":false,"handbrake":false,"jump":false,"jump_timer":-1.0,"jumped":false,"o":[0.025402653962373734,0.999677300453186,0.00024355236382689327,-0.9996313452720642,0.0254038218408823,-0.009584139101207256,-0.009587232954800129,-0.0,0.9999540448188782],"on_ground":true,"pitch":0.0,"roll":0.0,"steer":0.0,"supersonic":false,"throttle":0.0,"time":991.0634155273438,"v":[0.0,0.0,8.321000099182129],"w":[0.0,0.0,0.0],"x":[-619.2999877929688,-2232.919921875,17.010000228881836],"yaw":0.0},"ball":{"v":[0.0,0.0,0.0],"w":[0.0,0.0,0.0],"x":[0.0,0.0,92.73999786376953]}}
{"car":{"boost":false,"boost_left":49,"dodge_dir":[2.3512056226468525e-38,2.3510604481259484e-38],"dodge_timer":-1.0,"double_jumped":false,"handbrake":false,"jump":false,"jump_timer":-1.0,"jumped":false,"o":[0.025402653962373734,0.999677300453186,0.00024355236382689327,-0.9996313452720642,0.0254038218408823,-0.009584139101207256,-0.009587232954800129,-0.0,0.9999540448188782],"on_ground":true,"pitch":0.0,"roll":0.0,"steer":0.0,"supersonic":false,"throttle":0.0,"time":991.0718383789063,"v":[0.0,0.0,8.321000099182129],"w":[0.0,0.0,0.0],"x":[-619.2999877929688,-2232.919921875,17.010000228881836],"yaw":0.0},"ball":{"v":[0.0,0.0,0.0],"w":[0.0,0.0,0.0],"x":[0.0,0.0,92.73999786376953]}}
{"car":{"boost":false,"boost_left":49,"dodge_dir":[2.3512056226468525e-38,2.3510604481259484e-38],"dodge_timer":-1.0,"double_jumped":false,"handbrake":false,"jump":false,"jump_timer":-1.0,"jumped":false,"o":[0.025402653962373734,0.999677300453186,0.00024355236382689327,-0.9996313452720642,0.0254038218408823,-0.009584139101207256,-0.009587232954800129,-0.0,0.9999540448188782],"on_ground":true,"pitch":0.0,"roll":0.0,"steer":0.0,"supersonic":false,"throttle":0.0,"time":991.0802001953125,"v":[0.0,0.0,8.321000099182129],"w":[0.0,0.0,0.0],"x":[-619.2999877929688,-2232.919921875,17.010000228881836],"yaw":0.0},"ball":{"v":[0.0,0.0,0.0],"w":[0.0,0.0,0.0],"x":[0.0,0.0,92.73999786376953]}}
{"car":{"boost":false,"boost_left":49,"dodge_dir":[2.3512056226468525e-38,2.3510604481259484e-38],"dodge_timer":-1.0,"double_jumped":false,"handbrake":false,"jump":false,"jump_timer":-1.0,"jumped":false,"o":[0.025402653962373734,0.999677300453186,0.00024355236382689327,-0.9996313452720642,0.0254038218408823,-0.009584139101207256,-0.009587232954800129,-0.0,0.9999540448188782],"on_ground":true,"pitch":0.0,"roll":0.0,"steer":0.0,"supersonic":false,"throttle":0.0,"time":991.088623046875,"v":[0.0,0.0,8.321000099182129],"w":[0.0,0.0,0.0],"x":[-619.2999877929688,-2232.919921875,17.010000228881836],"yaw":0.0},"ball":{"v":[0.0,0.0,0.0],"w":[0.0,0.0,0.0],"x":[0.0,0.0,92.73999786376953]}}
{"car":{"boost":false,"boost_left":49,"dodge_dir":[2.3512056226468525e-38,2.3510604481259484e-38],"dodge_timer":-1.0,"double_jumped":false,"handbrake":false,"jump":false,"jump_timer":-1.0,"jumped":false,"o":[0.025402653962373734,0.999677300453186,0.00024355236382689327,-0.9996313452720642,0.0254038218408823,-0.009584139101207256,-0.009587232954800129,-0.0,0.9999540448188782],"on_ground":true,"pitch":0.0,"roll":0.0,"steer":0.0,"supersonic":false,"throttle":0.0,"time":991.0969848632813,"v":[0.0,0.0,8.321000099182129],"w":[0.0,0.0,0.0],"x":[-619.2999877929688,-2232.919921875,17.010000228881836],"yaw":0.0},"ball":{"v":[0.0,0.0,0.0],"w":[0.0,0.0,0.0],"x":[0.0,0.0,92.73999786376953]}}
{"car":{"boost":false,"boost_left":49,"dodge_dir":[2.3512056226468525e-38,2.3510604481259484e-38],"dodge_timer":-1.0,"double_jumped":false,"handbrake":false,"jump":false,"jump_timer":-1.0,"jumped":false,"o":[0.025402653962373734,0.999677300453186,0.00024355236382689327,-0.9996313452720642,0.0254038218408823,-0.009584139101207256,-0.009587232954800129,-0.0,0.9999540448188782],"on_ground":true,"pitch":0.0,"roll":0.0,"steer":0.0,"supersonic":false,"throttle":0.0,"time":991.1053466796875,"v":[0.0,0.0,8.321000099182129],"w":[0.0,0.0,0.0],"x":[-619.2999877929688,-2232.919921875,17.010000228881836],"yaw":0.0},"ball":{"v":[0.0,0.0,0.0],"w":[0.0,0.0,0.0],"x":[0.0,0.0,92.73999786376953]}}
{"car":{"boost":false,"boost_left":49,"dodge_dir":[2.3512056226468525e-38,2.3510604481259484e-38],"dodge_timer":-1.0,"double_jumped":false,"handbrake":false,"jump":false,"jump_timer":-1.0,"jumped":false,"o":[0.025402653962373734,0.999677300453186,0.00024355236382689327,-0.9996313452720642,0.0254038218408823,-0.009584139101207256,-0.009587232954800129,-0.0,0.9999540448188782],"on_ground":true,"pitch":0.0,"roll":0.0,"steer":0.0,"supersonic":false,"throttle":0.0,"time":991.1137084960938,"v":[0.0,0.0,8.321000099182129],"w":[0.0,0.0,0.0],"x":[-619.2999877929688,-2232.919921875,17.010000228881836],"yaw":0.0},"ball":{"v":[0.0,0.0,0.0],"w":[0.0,0.0,0.0],"x":[0.0,0.0,92.73999786376953]}}
{"car":{"boost":false,"boost_left":49,"dodge_dir":[2.3512056226468525e-38,2.3510604481259484e-38],"dodge_timer":-1.0,"double_jumped":false,"handbrake":false,"jump":false,"jump_timer":-1.0,"jumped":false,"o":[0.025402653962373734,0.999677300453186,0.00024355236382689327,-0.9996313452720642,0.0254038218408823,-0.009584139101207256,-0.009587232954800129,-0.0,0.9999540448188782],"on_ground":true,"pitch":0.0,"roll":0.0,"steer":0.0,"supersonic":false,"throttle":0.0,"time":991.1220703125,"v":[0.0,0.0,8.321000099182129],"w":[0.0,0.0,0.0],"x":[-619.2999877929688,-2232.919921875,17.010000228881836],"yaw":0.0},"ball":{"v":[0.0,0.0,0.0],"w":[0.0,0.0,0.0],"x":[0.0,0.0,92.73999786376953]}}
{"car":{"boost":false,"boost_left":49,"dodge_dir":[2.3512056226468525e-38,2.3510604481259484e-38],"dodge_timer":-1.0,"double_jumped":false,"handbrake":false,"jump":false,"jump_timer":-1.0,"jumped":false,"o":[0.025402653962373734,0.999677300453186,0.00024355236382689327,-0.9996313452720642,0.0254038218408823,-0.009584139101207256,-0.009587232954800129,-0.0,0.9999540448188782],"on_ground":true,"pitch":0.0,"roll":0.0,"steer":0.0,"supersonic":false,"throttle":0.0,"time":991.1304321289063,"v":[0.0,0.0,8.321000099182129],"w":[0.0,0.0,0.0],"x":[-619.2999877929688,-2232.919921875,17.010000228881836],"yaw":0.0},"ball":{"v":[0.0,0.0,0.0],"w":[0.0,0.0,0.0],"x":[0.0,0.0,92.73999786376953]}}
{"car":{"boost":false,"boost_left":49,"dodge_dir":[2.3512056226468525e-38,2.3510604481259484e-38],"dodge_timer":-1.0,"double_jumped":false,"handbrake":false,"jump":false,"jump_timer":-1.0,"jumped":false,"o":[0.025402653962373734,0.999677300453186,0.00024355236382689327,-0.9996313452720642,0.0254038218408823,-0.009584139101207256,-0.009587232954800129,-0.0,0.9999540448188782],"on_ground":true,"pitch":0.0,"roll":0.0,"steer":0.0,"supersonic":false,"throttle":0.0,"time":991.1387939453125,"v":[0.0,0.0,8.321000099182129],"w":[0.0,0.0,0.0],"x":[-619.2999877929688,-2232.919921875,17.010000228881836],"yaw":0.0},"ball":{"v":[0.0,0.0,0.0],"w":[0.0,0.0,0.0],"x":[0.0,0.0,92.73999786376953]}}
{"car":{"boost":false,"boost_left":49,"dodge_dir":[2.3512056226468525e-38,2.3510604481259484e-38],"dodge_timer":-1.0,"double_jumped":false,"handbrake":false,"jump":false,"jump_timer":-1.0,"jumped":false,"o":[0.025402653962373734,0.999677300453186,0.00024355236382689327,-0.9996313452720642,0.0254038218408823,-0.009584139101207256,-0.009587232954800129,-0.0,0.9999540448188782],"on_ground":true,"pitch":0.0,"roll":0.0,"steer":0.0,"supersonic":false,"throttle":0.0,"time":991.1472778320313,"v":[0.0,0.0,8.321000099182129],"w":[0.0,0.0,0.0],"x":[-619.2999877929688,-2232.919921875,17.010000228881836],"yaw":0.0},"ball":{"v":[0.0,0.0,0.0],"w":[0.0,0.0,0.0],"x":[0.0,0.0,92.73999786376953]}}
{"car":{"boost":false,"boost_left":49,"dodge_dir":[2.3512056226468525e-38,2.3510604481259484e-38],"dodge_timer":-1.0,"double_jumped":false,"handbrake":false,"jump":false,"jump_timer":-1.0,"jumped":false,"o":[0.025402653962373734,0.999677300453186,0.00024355236382689327,-0.9996313452720642,0.0254038218408823,-0.009584139101207256,-0.009587232954800129,-0.0,0.9999540448188782],"on_ground":true,"pitch":0.0,"roll":0.0,"steer":0.0,"supersonic":false,"throttle":0.0,"time":991.1556396484375,"v":[0.0,0.0,8.321000099182129],"w":[0.0,0.0,0.0],"x":[-619.2999877929688,-2232.919921875,17.010000228881836],"yaw":0.0},"ball":{"v":[0.0,0.0,0.0],"w":[0.0,0.0,0.0],"x":[0.0,0.0,92.73999786376953]}}
{"car":{"boost":false,"boost_left":49,"dodge_dir":[2.3512056226468525e-38,2.3510604481259484e-38],"dodge_timer":-1.0,"double_jumped":false,"handbrake":false,"jump":false,"jump_timer":-1.0,"jumped":false,"o":[0.025402653962373734,0.999677300453186,0.00024355236382689327,-0.9996313452720642,0.0254038218408823,-0.009584139101207256,-0.009587232954800129,-0.0,0.9999540448188782],"on_ground":true,"pitch":0.0,"roll":0.0,"steer":0.0,"supersonic":false,"throttle":0.0,"time":991.1640014648438,"v":[0.0,0.0,8.321000099182129],"w":[0.0,0.0,0.0],"x":[-619.2999877929688,-2232.919921875,17.010000228881836],"yaw":0.0},"ball":{"v":[0.0,0.0,0.0],"w":[0.0,0.0,0.0],"x":[0.0,0.0,92.73999786376953]}}
{"car":{"boost":false,"boost_left":49,"dodge_dir":[2.3512056226468525e-38,2.3510604481259484e-38],"dodge_timer":-1.0,"double_jumped":false,"handbrake":false,"jump":false,"jump_timer":-1.0,"jumped":false,"o":[0.025402653962373734,0.999677300453186,0.00024355236382689327,-0.9996313452720642,0.0254038218408823,-0.009584139101207256,-0.009587232954800129,-0.0,0.9999540448188782],"on_ground":true,"pitch":0.0,"roll":0.0,"steer":0.0,"supersonic":false,"throttle":0.0,"time":991.17236328125,"v":[0.0,0.0,8.321000099182129],"w":[0.0,0.0,0.0],"x":[-619.2999877929688,-2232.919921875,17.010000228881836],"yaw":0.0},"ball":{"v":[0.0,0.0,0.0],"w":[0.0,0.0,0.0],"x":[0.0,0.0,92.73999786376953]}}
{"car":{"boost":false,"boost_left":49,"dodge_dir":[2.3512056226468525e-38,2.3510604481259484e-38],"dodge_timer":-1.0,"double_jumped":false,"handbrake":false,"jump":false,"jump_timer":-1.0,"jumped":false,"o":[0.025402653962373734,0.999677300453186,0.00024355236382689327,-0.9996313452720642,0.0254038218408823,-0.009584139101207256,-0.009587232954800129,-0.0,0.9999540448188782],"on_ground":true,"pitch":0.0,"roll":0.0,"steer":0.0,"supersonic":false,"throttle":0.0,"time":991.1807250976563,"v":[0.0,0.0,8.321000099182129],"w":[0.0,0.0,0.0],"x":[-619.2999877929688,-2232.919921875,17.010000228881836],"yaw":0.0},"ball":{"v":[0.0,0.0,0.0],"w":[0.0,0.0,0.0],"x":[0.0,0.0,92.73999786376953]}}
{"car":{"boost":false,"boost_left":49,"dodge_dir":[2.3512056226468525e-38,2.3510604481259484e-38],"dodge_timer":-1.0,"double_jumped":false,"handbrake":false,"jump":false,"jump_timer":-1.0,"jumped":false,"o":[0.025402653962373734,0.999677300453186,0.00024355236382689327,-0.9996313452720642,0.0254038218408823,-0.009584139101207256,-0.009587232954800129,-0.0,0.9999540448188782],"on_ground":true,"pitch":0.0,"roll":0.0,"steer":0.0,"supersonic":false,"throttle":0.0,"time":991.1890869140625,"v":[0.0,0.0,8.321000099182129],"w":[0.0,0.0,0.0],"x":[-619.2999877929688,-2232.919921875,17.010000228881836],"yaw":0.0},"ball":{"v":[0.0,0.0,0.0],"w":[0.0,0.0,0.0],"x":[0.0,0.0,92.73999786376953]}}
{"car":{"boost":false,"boost_left":49,"dodge_dir":[2.3512056226468525e-38,2.3510604481259484e-38],"dodge_timer":-1.0,"double_jumped":false,"handbrake":false,"jump":false,"jump_timer":-1.0,"jumped":false,"o":[0.025402653962373734,0.999677300453186,0.00024355236382689327,-0.9996313452720642,0.0254038218408823,-0.009584139101207256,-0.009587232954800129,-0.0,0.9999540448188782],"on_ground":true,"pitch":0.0,"roll":0.0,"steer":0.0,"supersonic":false,"throttle":0.0,"time":991.1974487304688,"v":[0.0,0.0,8.321000099182129],"w":[0.0,0.0,0.0],"x":[-619.2999877929688,-2232.919921875,17.010000228881836],"yaw":0.0},"ball":{"v":[0.0,0.0,0.0],"w":[0.0,0.0,0.0],"x":[0.0,0.0,92.73999786376953]}}
{"car":{"boost":false,"boost_left":49,"dodge_dir":[2.3512056226468525e-38,2.3510604481259484e-38],"dodge_timer":-1.0,"double_jumped":false,"handbrake":false,"jump":false,"jump_timer":-1.0,"jumped":false,"o":[0.025402653962373734,0.999677300453186,0.00024355236382689327,-0.9996313452720642,0.0254038218408823,-0.009584139101207256,-0.009587232954800129,-0.0,0.9999540448188782],"on_ground":true,"pitch":0.0,"roll":0.0,"steer":0.0,"supersonic":false,"throttle":0.0,"time":991.205810546875,"v":[0.0,0.0,8.321000099182129],"w":[0.0,0.0,0.0],"x":[-619.2999877929688,-2232.919921875,17.010000228881836],"yaw":0.0},"ball":{"v":[0.0,0.0,0.0],"w":[0.0,0.0,0.0],"x":[0.0,0.0,92.73999786376953]}}
{"car":{"boost":false,"boost_left":49,"dodge_dir":[2.3512056226468525e-38,2.3510604481259484e-38],"dodge_timer":-1.0,"double_jumped":false,"handbrake":false,"jump":false,"jump_timer":-1.0,"jumped":false,"o":[0.025402653962373734,0.999677300453186,0.00024355236382689327,-0.9996313452720642,0.0254038218408823,-0.009584139101207256,-0.009587232954800129,-0.0,0.9999540448188782],"on_ground":true,"pitch":0.0,"roll":0.0,"steer":0.0,"supersonic":false,"throttle":0.0,"time":991.2141723632813,"v":[0.0,0.0,8.321000099182129],"w":[0.0,0.0,0.0],"x":[-619.2999877929688,-2232.919921875,17.010000228881836],"yaw":0.0},"ball":{"v":[0.0,0.0,0.0],"w":[0.0,0.0,0.0],"x":[0.0,0.0,92.73999786376953]}}
{"car":{"boost":false,"boost_left":49,"dodge_dir":[2.3512056226468525e-38,2.3510604481259484e-38],"dodge_timer":-1.0,"double_jumped":false,"handbrake":false,"jump":false,"jump_timer":-1.0,"jumped":false,"o":[0.025402653962373734,0.999677300453186,0.00024355236382689327,-0.9996313452720642,0.0254038218408823,-0.009584139101207256,-0.009587232954800129,-0.0,0.9999540448188782],"on_ground":true,"pitch":0.0,"roll":0.0,"steer":0.0,"supersonic":false,"throttle":0.0,"time":991.2225341796875,"v":[0.0,0.0,8.321000099182129],"w":[0.0,0.0,0.0],"x":[-619.2999877929688,-2232.919921875,17.010000228881836],"yaw":0.0},"ball":{"v":[0.0,0.0,0.0],"w":[0.0,0.0,0.0],"x":[0.0,0.0,92.73999786376953]}}
{"car":{"boost":false,"boost_left":49,"dodge_dir":[2.3512056226468525e-38,2.3510604481259484e-38],"dodge_timer":-1.0,"double_jumped":false,"handbrake":false,"jump":false,"jump_timer":-1.0,"jumped":false,"o":[0.025402653962373734,0.999677300453186,0.00024355236382689327,-0.9996313452720642,0.0254038218408823,-0.009584139101207256,-0.009587232954800129,-0.0,0.9999540448188782],"on_ground":true,"pitch":0.0,"roll":0.0,"steer":0.0,"supersonic":false,"throttle":0.0,"time":991.23095703125,"v":[0.0,0.0,8.321000099182129],"w":[0.0,0.0,0.0],"x":[-619.2999877929688,-2232.919921875,17.010000228881836],"yaw":0.0},"ball":{"v":[0.0,0.0,0.0],"w":[0.0,0.0,0.0],"x":[0.0,0.0,92.73999786376953]}}
{"car":{"boost":false,"boost_left":49,"dodge_dir":[2.3512056226468525e-38,2.3510604481259484e-38],"dodge_timer":-1.0,"double_jumped":false,"handbrake":false,"jump":false,"jump_timer":-1.0,"jumped":false,"o":[0.025402653962373734,0.999677300453186,0.00024355236382689327,-0.9996313452720642,0.0254038218408823,-0.009584139101207256,-0.009587232954800129,-0.0,0.9999540448188782],"on_ground":true,"pitch":0.0,"roll":0.0,"steer":0.0,"supersonic":false,"throttle":0.0,"time":991.2393188476563,"v":[0.0,0.0,8.321000099182129],"w":[0.0,0.0,0.0],"x":[-619.2999877929688,-2232.919921875,17.010000228881836],"yaw":0.0},"ball":{"v":[0.0,0.0,0.0],"w":[0.0,0.0,0.0],"x":[0.0,0.0,92.73999786376953]}}
{"car":{"boost":false,"boost_left":49,"dodge_dir":[2.3512056226468525e-38,2.3510604481259484e-38],"dodge_timer":-1.0,"double_jumped":false,"handbrake":false,"jump":false,"jump_timer":-1.0,"jumped":false,"o":[0.025402653962373734,0.999677300453186,0.00024355236382689327,-0.9996313452720642,0.0254038218408823,-0.009584139101207256,-0.009587232954800129,-0.0,0.9999540448188782],"on_ground":true,"pitch":0.0,"roll":0.0,"steer":0.0,"supersonic":false,"throttle":0.0,"time":991.2476806640625,"v":[0.0,0.0,8.321000099182129],"w":[0.0,0.0,0.0],"x":[-619.2999877929688,-2232.919921875,17.010000228881836],"yaw":0.0},"ball":{"v":[0.0,0.0,0.0],"w":[0.0,0.0,0.0],"x":[0.0,0.0,92.73999786376953]}}
{"car":{"boost":false,"boost_left":49,"dodge_dir":[2.3512056226468525e-38,2.3510604481259484e-38],"dodge_timer":-1.0,"double_jumped":false,"handbrake":false,"jump":false,"jump_timer":-1.0,"jumped":false,"o":[0.025402653962373734,0.999677300453186,0.00024355236382689327,-0.9996313452720642,0.0254038218408823,-0.009584139101207256,-0.009587232954800129,-0.0,0.9999540448188782],"on_ground":true,"pitch":0.0,"roll":0.0,"steer":0.0,"supersonic":false,"throttle":0.0,"time":991.2561645507813,"v":[0.0,0.0,8.321000099182129],"w":[0.0,0.0,0.0],"x":[-619.2999877929688,-2232.919921875,17.010000228881836],"yaw":0.0},"ball":{"v":[0.0,0.0,0.0],"w":[0.0,0.0,0.0],"x":[0.0,0.0,92.73999786376953]}}
{"car":{"boost":false,"boost_left":49,"dodge_dir":[2.3512056226468525e-38,2.3510604481259484e-38],"dodge_timer":-1.0,"double_jumped":false,"handbrake":false,"jump":true,"jump_timer":-1.0,"jumped":true,"o":[0.025402653962373734,0.999677300453186,0.00024355236382689327,-0.9996313452720642,0.0254038218408823,-0.009584139101207256,-0.009587232954800129,-0.0,0.9999540448188782],"on_ground":true,"pitch":0.0,"roll":0.0,"steer":0.0,"supersonic":false,"throttle":0.0,"time":991.2645263671875,"v":[0.0,0.0,8.321000099182129],"w":[0.0,0.0,0.0],"x":[-619.2999877929688,-2232.919921875,17.010000228881836],"yaw":0.0},"ball":{"v":[0.0,0.0,0.0],"w":[0.0,0.0,0.0],"x":[0.0,0.0,92.73999786376953]}}
{"car":{"boost":false,"boost_left":49,"dodge_dir":[2.3512056226468525e-38,2.3510604481259484e-38],"dodge_timer":-1.0,"double_jumped":false,"handbrake":false,"jump":true,"jump_timer":-1.0,"jumped":true,"o":[0.025402653962373734,0.999677300453186,0.00024355236382689327,-0.9996313452720642,0.0254038218408823,-0.009584139101207256,-0.009587232954800129,-0.0,0.9999540448188782],"on_ground":true,"pitch":0.0,"roll":0.0,"steer":0.0,"supersonic":false,"throttle":0.0,"time":991.2728881835938,"v":[-0.014056364074349403,0.5093758702278137,206.23460388183594],"w":[0.00014056364307180047,0.0,0.0],"x":[-619.2999877929688,-2232.933349609375,18.70345687866211],"yaw":0.0},"ball":{"v":[0.0,0.0,0.0],"w":[0.0,0.0,0.0],"x":[0.0,0.0,92.73999786376953]}}
{"car":{"boost":false,"boost_left":49,"dodge_dir":[2.3512056226468525e-38,2.3510604481259484e-38],"dodge_timer":-1.0,"double_jumped":false,"handbrake":false,"jump":true,"jump_timer":-1.0,"jumped":true,"o":[0.025402653962373734,0.999677300453186,0.00024355236382689327,-0.9996313452720642,0.0254038218408823,-0.009584139101207256,-0.009587232954800129,-0.0,0.9999540448188782],"on_ground":true,"pitch":0.0,"roll":0.0,"steer":0.0,"supersonic":false,"throttle":0.0,"time":991.28125,"v":[-0.006904810667037964,0.1354420781135559,306.69921875],"w":[0.00014288004604168236,0.0,0.0],"x":[-619.2999877929688,-2232.93310546875,21.264982223510742],"yaw":0.0},"ball":{"v":[0.0,0.0,0.0],"w":[0.0,0.0,0.0],"x":[0.0,0.0,92.73999786376953]}}
{"car":{"boost":false,"boost_left":49,"dodge_dir":[2.3512056226468525e-38,2.3510604481259484e-38],"dodge_timer":-1.0,"double_jumped":false,"handbrake":false,"jump":true,"jump_timer":-1.0,"jumped":true,"o":[0.025402653962373734,0.999677300453186,0.00024355236382689327,-0.9996313452720642,0.0254038218408823,-0.009584139101207256,-0.009587232954800129,-0.0,0.9999540448188782],"on_ground":true,"pitch":0.0,"roll":0.0,"steer":0.0,"supersonic":false,"throttle":0.0,"time":991.2896118164063,"v":[0.0,-0.007448852062225342,310.7378234863281],"w":[0.00010999999358318746,0.0,0.0],"x":[-619.2999877929688,-2232.929931640625,23.86716079711914],"yaw":0.0},"ball":{"v":[0.0,0.0,0.0],"w":[0.0,0.0,0.0],"x":[0.0,0.0,92.73999786376953]}}
{"car":{"boost":false,"boost_left":49,"dodge_dir":[2.3512056226468525e-38,2.3510604481259484e-38],"dodge_timer":-1.0,"double_jumped":false,"handbrake":false,"jump":true,"jump_timer":-1.0,"jumped":true,"o":[0.025402653962373734,0.999677300453186,0.00024355236382689327,-0.9996313452720642,0.0254038218408823,-0.009584139101207256,-0.009587232954800129,-0.0,0.9999540448188782],"on_ground":true,"pitch":0.0,"roll":0.0,"steer":0.0,"supersonic":false,"throttle":0.0,"time":991.2979736328125,"v":[0.0,0.022882089018821716,314.7654113769531],"w":[0.00010999999358318746,0.0,0.0],"x":[-619.2999877929688,-2232.929931640625,26.492395401000977],"yaw":0.0},"ball":{"v":[0.0,0.0,0.0],"w":[0.0,0.0,0.0],"x":[0.0,0.0,92.73999786376953]}}
{"car":{"boost":false,"boost_left":49,"dodge_dir":[2.3512056226468525e-38,2.3510604481259484e-38],"dodge_timer":-1.0,"double_jumped":false,"handbrake":false,"jump":true,"jump_timer":-1.0,"jumped":true,"o":[0.025402653962373734,0.999677300453186,0.00024355236382689327,-0.9996313452720642,0.0254038218408823,-0.009584139101207256,-0.009587232954800129,-0.0,0.9999540448188782],"on_ground":true,"pitch":0.0,"roll":0.0,"steer":0.0,"supersonic":false,"throttle":0.0,"time":991.3063354492188,"v":[0.0,0.014270883984863758,318.7928466796875],"w":[0.00010999999358318746,0.0,0.0],"x":[-619.2999877929688,-2232.929931640625,29.154441833496094],"yaw":0.0},"ball":{"v":[0.0,0.0,0.0],"w":[0.0,0.0,0.0],"x":[0.0,0.0,92.73999786376953]}}
{"car":{"boost":false,"boost_left":49,"dodge_dir":[2.3512056226468525e-38,2.3510604481259484e-38],"dodge_timer":-1.0,"double_jumped":false,"handbrake":false,"jump":true,"jump_timer":-1.0,"jumped":true,"o":[0.025402653962373734,0.999677300453186,0.00024355236382689327,-0.9996313452720642,0.0254038218408823,-0.009584139101207256,-0.009587232954800129,-0.0,0.9999540448188782],"on_ground":false,"pitch":0.0,"roll":0.0,"steer":0.0,"supersonic":false,"throttle":0.0,"time":991.314697265625,"v":[0.0,-0.055679939687252045,322.8332824707031],"w":[0.00010999999358318746,0.0,0.0],"x":[-619.2999877929688,-2232.929931640625,31.85853385925293],"yaw":0.0},"ball":{"v":[0.0,0.0,0.0],"w":[0.0,0.0,0.0],"x":[0.0,0.0,92.73999786376953]}}
{"car":{"boost":false,"boost_left":49,"dodge_dir":[2.3512056226468525e-38,2.3510604481259484e-38],"dodge_timer":-1.0,"double_jumped":false,"handbrake":false,"jump":true,"jump_timer":-1.0,"jumped":true,"o":[0.025402653962373734,0.999677300453186,0.00024355236382689327,-0.9996313452720642,0.0254038218408823,-0.009584139101207256,-0.009587232954800129,-0.0,0.9999540448188782],"on_ground":false,"pitch":0.0,"roll":0.0,"steer":0.0,"supersonic":false,"throttle":0.0,"time":991.3230590820313,"v":[0.0,-0.1665140688419342,328.7210998535156],"w":[0.00010999999358318746,0.0,0.0],"x":[-619.2999877929688,-2232.929931640625,34.604713439941406],"yaw":0.0},"ball":{"v":[0.0,0.0,0.0],"w":[0.0,0.0,0.0],"x":[0.0,0.0,92.73999786376953]}}
{"car":{"boost":false,"boost_left":49,"dodge_dir":[2.3512056226468525e-38,2.3510604481259484e-38],"dodge_timer":-1.0,"double_jumped":false,"handbrake":false,"jump":true,"jump_timer":-1.0,"jumped":true,"o":[0.025402653962373734,0.999677300453186,0.00024355236382689327,-0.9996313452720642,0.0254038218408823,-0.009584139101207256,-0.009587232954800129,-0.0,0.9999540448188782],"on_ground":false,"pitch":0.0,"roll":0.0,"steer":0.0,"supersonic":false,"throttle":0.0,"time":991.3314208984375,"v":[0.0,-0.2767174243927002,335.4635314941406],"w":[0.00010999999358318746,0.0,0.0],"x":[-619.2999877929688,-2232.929931640625,37.40423583984375],"yaw":0.0},"ball":{"v":[0.0,0.0,0.0],"w":[0.0,0.0,0.0],"x":[0.0,0.0,92.73999786376953]}}
{"car":{"boost":false,"boost_left":49,"dodge_dir":[2.3512056226468525e-38,2.3510604481259484e-38],"dodge_timer":-1.0,"double_jumped":false,"handbrake":false,"jump":true,"jump_timer":-1.0,"jumped":true,"o":[0.025402653962373734,0.999677300453186,0.00024355236382689327,-0.9996313452720642,0.0254038218408823,-0.009584139101207256,-0.009587232954800129,-0.0,0.9999540448188782],"on_ground":false,"pitch":0.0,"roll":0.0,"steer":0.0,"supersonic":false,"throttle":0.0,"time":991.3397827148438,"v":[0.0,-0.38699421286582947,342.21044921875],"w":[0.00010999999358318746,0.0,0.0],"x":[-619.2999877929688,-2232.929931640625,40.26275634765625],"yaw":0.0},"ball":{"v":[0.0,0.0,0.0],"w":[0.0,0.0,0.0],"x":[0.0,0.0,92.73999786376953]}}
{"car":{"boost":false,"boost_left":49,"dodge_dir":[2.3512056226468525e-38,2.3510604481259484e-38],"dodge_timer":-1.0,"double_jumped":false,"handbrake":false,"jump":true,"jump_timer":-1.0,"jumped":true,"o":[0.025402653962373734,0.999677300453186,0.00024355236382689327,-0.9996313452720642,0.0254038218408823,-0.009584139101207256,-0.009587232954800129,-0.0,0.9999540448188782],"on_ground":false,"pitch":0.0,"roll":0.0,"steer":0.0,"supersonic":false,"throttle":0.0,"time":991.34814453125,"v":[0.0,-0.4975444972515106,348.97412109375],"w":[0.00010999999358318746,0.0,0.0],"x":[-619.2999877929688,-2232.929931640625,43.188865661621094],"yaw":0.0},"ball":{"v":[0.0,0.0,0.0],"w":[0.0,0.0,0.0],"x":[0.0,0.0,92.73999786376953]}}
{"car":{"boost":false,"boost_left":49,"dodge_dir":[2.3512056226468525e-38,2.3510604481259484e-38],"dodge_timer":-1.0,"double_jumped":false,"handbrake":false,"jump":true,"jump_timer":-1.0,"jumped":true,"o":[0.025402653962373734,0.999677300453186,0.00024355236382689327,-0.9996313452720642,0.0254038218408823,-0.009584139101207256,-0.009587232954800129,-0.0,0.9999540448188782],"on_ground":false,"pitch":0.0,"roll":0.0,"steer":0.0,"supersonic":false,"throttle":0.0,"time":991.3565063476563,"v":[0.0,-0.6083232760429382,355.7518005371094],"w":[0.00010999999358318746,0.0,0.0],"x":[-619.2999877929688,-2232.929931640625,46.17475891113281],"yaw":0.0},"ball":{"v":[0.0,0.0,0.0],"w":[0.0,0.0,0.0],"x":[0.0,0.0,92.73999786376953]}}
{"car":{"boost":false,"boost_left":49,"dodge_dir":[2.3512056226468525e-38,2.3510604481259484e-38],"dodge_timer":-1.0,"double_jumped":false,"handbrake":false,"jump":true,"jump_timer":-1.0,"jumped":true,"o":[0.025402653962373734,0.999677300453186,0.00024355236382689327,-0.9996313452720642,0.0254038218408823,-0.009584139101207256,-0.009587232954800129,-0.0,0.9999540448188782],"on_ground":false,"pitch":0.0,"roll":0.0,"steer":0.0,"supersonic":false,"throttle":0.0,"time":991.364990234375,"v":[0.0,-0.7188164591789246,362.5119323730469],"w":[0.00010999999358318746,0.0,0.0],"x":[-619.2999877929688,-2232.93701171875,49.21056365966797],"yaw":0.0},"ball":{"v":[0.0,0.0,0.0],"w":[0.0,0.0,0.0],"x":[0.0,0.0,92.73999786376953]}}
{"car":{"boost":false,"boost_left":49,"dodge_dir":[2.3512056226468525e-38,2.3510604481259484e-38],"dodge_timer":-1.0,"double_jumped":false,"handbrake":false,"jump":true,"jump_timer":-1.0,"jumped":true,"o":[0.025402653962373734,0.999677300453186,0.00024355236382689327,-0.9996313452720642,0.0254038218408823,-0.009584139101207256,-0.009587232954800129,-0.0,0.9999540448188782],"on_ground":false,"pitch":0.0,"roll":0.0,"steer":0.0,"supersonic":false,"throttle":0.0,"time":991.3733520507813,"v":[0.0,-0.8309297561645508,369.3712463378906],"w":[0.00010999999358318746,0.0,0.0],"x":[-619.2999877929688,-2232.947265625,52.345298767089844],"yaw":0.0},"ball":{"v":[0.0,0.0,0.0],"w":[0.0,0.0,0.0],"x":[0.0,0.0,92.73999786376953]}}
{"car":{"boost":false,"boost_left":49,"dodge_dir":[2.3512056226468525e-38,2.3510604481259484e-38],"dodge_timer":-1.0,"double_jumped":false,"handbrake":false,"jump":true,"jump_timer":-1.0,"jumped":true,"o":[0.025402653962373734,0.999677300453186,0.00024355236382689327,-0.9996313452720642,0.0254038218408823,-0.009584139101207256,-0.009587232954800129,-0.0,0.9999540448188782],"on_ground":false,"pitch":0.0,"roll":0.0,"steer":0.0,"supersonic":false,"throttle":0.0,"time":991.3817138671875,"v":[0.0,-0.9411371946334839,376.11395263671875],"w":[0.00010999999358318746,0.0,0.0],"x":[-619.2999877929688,-2232.957275390625,55.484840393066406],"yaw":0.0},"ball":{"v":[0.0,0.0,0.0],"w":[0.0,0.0,0.0],"x":[0.0,0.0,92.73999786376953]}}
{"car":{"boost":false,"boost_left":49,"dodge_dir":[2.3512056226468525e-38,2.3510604481259484e-38],"dodge_timer":-1.0,"double_jumped":false,"handbrake":false,"jump":true,"jump_timer":-1.0,"jumped":true,"o":[0.025402653962373734,0.999677300453186,0.00024355236382689327,-0.9996313452720642,0.0254038218408823,-0.009584139101207256,-0.009587232954800129,-0.0,0.9999540448188782],"on_ground":false,"pitch":0.0,"roll":0.0,"steer":0.0,"supersonic":false,"throttle":0.0,"time":991.3900756835938,"v":[0.0,-1.051344633102417,382.85662841796875],"w":[0.00010999999358318746,0.0,0.0],"x":[-619.2999877929688,-2232.96728515625,58.68460464477539],"yaw":0.0},"ball":{"v":[0.0,0.0,0.0],"w":[0.0,0.0,0.0],"x":[0.0,0.0,92.73999786376953]}}
{"car":{"boost":false,"boost_left":49,"dodge_dir":[2.3512056226468525e-38,2.3510604481259484e-38],"dodge_timer":-1.0,"double_jumped":false,"handbrake":false,"jump":true,"jump_timer":-1.0,"jumped":true,"o":[0.025402653962373734,0.999677300453186,0.00024355236382689327,-0.9996313452720642,0.0254038218408823,-0.009584139101207256,-0.009587232954800129,-0.0,0.9999540448188782],"on_ground":false,"pitch":0.0,"roll":0.0,"steer":0.0,"supersonic":false,"throttle":0.0,"time":991.3984375,"v":[0.0,-1.161617398262024,389.60333251953125],"w":[0.00010999999358318746,0.0,0.0],"x":[-619.2999877929688,-2232.977294921875,61.939205169677734],"yaw":0.0},"ball":{"v":[0.0,0.0,0.0],"w":[0.0,0.0,0.0],"x":[0.0,0.0,92.73999786376953]}}
{"car":{"boost":false,"boost_left":49,"dodge_dir":[2.3512056226468525e-38,2.3510604481259484e-38],"dodge_timer":-1.0,"double_jumped":false,"handbrake":false,"jump":true,"jump_timer":-1.0,"jumped":true,"o":[0.025402653962373734,0.999677300453186,0.00024355236382689327,-0.9996313452720642,0.0254038218408823,-0.009584139101207256,-0.009587232954800129,-0.0,0.9999540448188782],"on_ground":false,"pitch":0.0,"roll":0.0,"steer":0.0,"supersonic":false,"throttle":0.0,"time":991.4067993164063,"v":[0.0,-1.2718207836151123,396.34576416015625],"w":[0.00010999999358318746,0.0,0.0],"x":[-619.2999877929688,-2232.9873046875,65.24931335449219],"yaw":0.0},"ball":{"v":[0.0,0.0,0.0],"w":[0.0,0.0,0.0],"x":[0.0,0.0,92.73999786376953]}}
{"car":{"boost":false,"boost_left":49,"dodge_dir":[2.3512056226468525e-38,2.3510604481259484e-38],"dodge_timer":-1.0,"double_jumped":false,"handbrake":false,"jump":true,"jump_timer":-1.0,"jumped":true,"o":[0.025402653962373734,0.999677300453186,0.00024355236382689327,-0.9996313452720642,0.0254038218408823,-0.009584139101207256,-0.009587232954800129,-0.0,0.9999540448188782],"on_ground":false,"pitch":0.0,"roll":0.0,"steer":0.0,"supersonic":false,"throttle":0.0,"time":991.4151611328125,"v":[0.0,-1.3820241689682007,403.08819580078125],"w":[0.00010999999358318746,0.0,0.0],"x":[-619.2999877929688,-2232.997314453125,68.61228942871094],"yaw":0.0},"ball":{"v":[0.0,0.0,0.0],"w":[0.0,0.0,0.0],"x":[0.0,0.0,92.73999786376953]}}
{"car":{"boost":false,"boost_left":49,"dodge_dir":[2.3512056226468525e-38,2.3510604481259484e-38],"dodge_timer":-1.0,"double_jumped":false,"handbrake":false,"jump":true,"jump_timer":-1.0,"jumped":true,"o":[0.025402653962373734,0.999677300453186,0.00024355236382689327,-0.9996313452720642,0.0254038218408823,-0.009584139101207256,-0.009587232954800129,-0.0,0.9999540448188782],"on_ground":false,"pitch":0.0,"roll":0.0,"steer":0.0,"supersonic":false,"throttle":0.0,"time":991.4235229492188,"v":[0.0,-1.4922724962234497,409.8334045410156],"w":[0.00010999999358318746,0.0,0.0],"x":[-619.2999877929688,-2233.00732421875,72.03422546386719],"yaw":0.0},"ball":{"v":[0.0,0.0,0.0],"w":[0.0,0.0,0.0],"x":[0.0,0.0,92.73999786376953]}}
{"car":{"boost":false,"boost_left":49,"dodge_dir":[2.3512056226468525e-38,2.3510604481259484e-38],"dodge_timer":-1.0,"double_jumped":false,"handbrake":false,"jump":true,"jump_timer":-1.0,"jumped":true,"o":[0.025402653962373734,0.999677300453186,0.00024355236382689327,-0.9996313452720642,0.0254038218408823,-0.009584139101207256,-0.009587232954800129,-0.0,0.9999540448188782],"on_ground":false,"pitch":0.0,"roll":0.0,"steer":0.0,"supersonic":false,"throttle":0.0,"time":991.4319458007813,"v":[0.0,-1.6030268669128418,416.6095275878906],"w":[0.00010999999358318746,0.0,0.0],"x":[-619.2999877929688,-2233.017578125,75.53248596191406],"yaw":0.0},"ball":{"v":[0.0,0.0,0.0],"w":[0.0,0.0,0.0],"x":[0.0,0.0,92.73999786376953]}}
{"car":{"boost":false,"boost_left":49,"dodge_dir":[2.3512056226468525e-38,2.3510604481259484e-38],"dodge_timer":-1.0,"double_jumped":false,"handbrake":false,"jump":true,"jump_timer":-1.0,"jumped":true,"o":[0.025402653962373734,0.999677300453186,0.00024355236382689327,-0.9996313452720642,0.0254038218408823,-0.009584139101207256,-0.009587232954800129,-0.0,0.9999540448188782],"on_ground":false,"pitch":0.0,"roll":0.0,"steer":0.0,"supersonic":false,"throttle":0.0,"time":991.4403076171875,"v":[0.0,-1.713911771774292,423.3936767578125],"w":[0.00010999999358318746,0.0,0.0],"x":[-619.2999877929688,-2233.027587890625,79.08824920654297],"yaw":0.0},"ball":{"v":[0.0,0.0,0.0],"w":[0.0,0.0,0.0],"x":[0.0,0.0,92.73999786376953]}}
{"car":{"boost":false,"boost_left":49,"dodge_dir":[2.3512056226468525e-38,2.3510604481259484e-38],"dodge_timer":-1.0,"double_jumped":false,"handbrake":false,"jump":true,"jump_timer":-1.0,"jumped":true,"o":[0.025402653962373734,0.999677300453186,0.00024355236382689327,-0.9996313452720642,0.0254038218408823,-0.009584139101207256,-0.009587232954800129,-0.0,0.9999540448188782],"on_ground":false,"pitch":0.0,"roll":0.0,"steer":0.0,"supersonic":false,"throttle":0.0,"time":991.4486694335938,"v":[0.0,-1.8241232633590698,430.1366271972656],"w":[0.00010999999358318746,0.0,0.0],"x":[-619.2999877929688,-2233.045166015625,82.6803970336914],"yaw":0.0},"ball":{"v":[0.0,0.0,0.0],"w":[0.0,0.0,0.0],"x":[0.0,0.0,92.73999786376953]}}
