{"car":{"boost":false,"boost_left":69,"dodge_dir":[2.3512056226468525e-38,2.3510604481259484e-38],"dodge_timer":-1.0,"double_jumped":false,"handbrake":false,"jump":true,"jump_timer":-1.0,"jumped":true,"o":[-0.979215145111084,0.20260705053806305,-0.009388395585119724,-0.2025977373123169,-0.9792601466178894,-0.001942440983839333,-0.009587232954800129,-0.0,0.9999540448188782],"on_ground":false,"pitch":0.0,"roll":0.0,"steer":0.0,"supersonic":false,"throttle":0.0,"time":926.6825561523438,"v":[-2.060999870300293,-0.38099998235702515,444.3476257324219],"w":[-0.0002099999983329326,0.0,0.0],"x":[1355.03662109375,1892.969970703125,91.51813507080078],"yaw":0.0},"ball":{"v":[0.0,0.0,0.0],"w":[0.0,0.0,0.0],"x":[0.0,0.0,92.73999786376953]}}
{"car":{"boost":false,"boost_left":69,"dodge_dir":[2.3512056226468525e-38,2.3510604481259484e-38],"dodge_timer":-1.0,"double_jumped":false,"handbrake":false,"jump":true,"jump_timer":-1.0,"jumped":true,"o":[-0.979215145111084,0.20260705053806305,-0.009388395585119724,-0.2025977373123169,-0.9792601466178894,-0.001942440983839333,-0.009587232954800129,-0.0,0.9999540448188782],"on_ground":false,"pitch":0.0,"roll":0.0,"steer":0.0,"supersonic":false,"throttle":0.0,"time":926.69091796875,"v":[-2.060999870300293,-0.38099998235702515,438.9272766113281],"w":[-0.0002099999983329326,0.0,0.0],"x":[1355.0167236328125,1892.969970703125,95.18023681640625],"yaw":0.0},"ball":{"v":[0.0,0.0,0.0],"w":[0.0,0.0,0.0],"x":[0.0,0.0,92.73999786376953]}}
{"car":{"boost":false,"boost_left":69,"dodge_dir":[2.3512056226468525e-38,2.3510604481259484e-38],"dodge_timer":-1.0,"double_jumped":false,"handbrake":false,"jump":true,"jump_timer":-1.0,"jumped":true,"o":[-0.979215145111084,0.20260705053806305,-0.009388395585119724,-0.2025977373123169,-0.9792601466178894,-0.001942440983839333,-0.009587232954800129,-0.0,0.9999540448188782],"on_ground":false,"pitch":0.0,"roll":0.0,"steer":0.0,"supersonic":false,"throttle":0.0,"time":926.6992797851563,"v":[-2.060999870300293,-0.38099998235702515,433.4751281738281],"w":[-0.0002099999983329326,0.0,0.0],"x":[1354.99658203125,1892.969970703125,98.8132553100586],"yaw":0.0},"ball":{"v":[0.0,0.0,0.0],"w":[0.0,0.0,0.0],"x":[0.0,0.0,92.73999786376953]}}
{"car":{"boost":false,"boost_left":69,"dodge_dir":[2.3512056226468525e-38,2.3510604481259484e-38],"dodge_timer":-1.0,"double_jumped":false,"handbrake":false,"jump":true,"jump_timer":-1.0,"jumped":true,"o":[-0.979215145111084,0.20260705053806305,-0.009388395585119724,-0.2025977373123169,-0.9792601466178894,-0.001942440983839333,-0.009587232954800129,-0.0,0.9999540448188782],"on_ground":false,"pitch":0.0,"roll":0.0,"steer":0.0,"supersonic":false,"throttle":0.0,"time":926.716064453125,"v":[-2.060999870300293,-0.38099998235702515,422.58734130859375],"w":[-0.0002099999983329326,0.0,0.0],"x":[1354.9564208984375,1892.969970703125,105.92872619628906],"yaw":0.0},"ball":{"v":[0.0,0.0,0.0],"w":[0.0,0.0,0.0],"x":[0.0,0.0,92.73999786376953]}}
{"car":{"boost":false,"boost_left":69,"dodge_dir":[2.3512056226468525e-38,2.3510604481259484e-38],"dodge_timer":-1.0,"double_jumped":false,"handbrake":false,"jump":true,"jump_timer":-1.0,"jumped":true,"o":[-0.979215145111084,0.20260705053806305,-0.009388395585119724,-0.2025977373123169,-0.9792601466178894,-0.001942440983839333,-0.009587232954800129,-0.0,0.9999540448188782],"on_ground":false,"pitch":0.0,"roll":0.0,"steer":0.0,"supersonic":false,"throttle":0.0,"time":926.7244873046875,"v":[-2.060999870300293,-0.38099998235702515,417.1669921875],"w":[-0.0002099999983329326,0.0,0.0],"x":[1354.9364013671875,1892.969970703125,109.40185546875],"yaw":0.0},"ball":{"v":[0.0,0.0,0.0],"w":[0.0,0.0,0.0],"x":[0.0,0.0,92.73999786376953]}}
{"car":{"boost":false,"boost_left":69,"dodge_dir":[2.3512056226468525e-38,2.3510604481259484e-38],"dodge_timer":-1.0,"double_jumped":false,"handbrake":false,"jump":true,"jump_timer":-1.0,"jumped":true,"o":[-0.979215145111084,0.20260705053806305,-0.009388395585119724,-0.2025977373123169,-0.9792601466178894,-0.001942440983839333,-0.009587232954800129,-0.0,0.9999540448188782],"on_ground":false,"pitch":0.0,"roll":0.0,"steer":0.0,"supersonic":false,"throttle":0.0,"time":926.7412719726563,"v":[-2.060999870300293,-0.38099998235702515,406.2130126953125],"w":[-0.0002099999983329326,0.0,0.0],"x":[1354.89599609375,1892.969970703125,116.28627014160156],"yaw":0.0},"ball":{"v":[0.0,0.0,0.0],"w":[0.0,0.0,0.0],"x":[0.0,0.0,92.73999786376953]}}
{"car":{"boost":false,"boost_left":69,"dodge_dir":[2.3512056226468525e-38,2.3510604481259484e-38],"dodge_timer":-1.0,"double_jumped":false,"handbrake":false,"jump":true,"jump_timer":-1.0,"jumped":true,"o":[-0.979215145111084,0.20260705053806305,-0.009388395585119724,-0.2025977373123169,-0.9792601466178894,-0.001942440983839333,-0.009587232954800129,-0.0,0.9999540448188782],"on_ground":false,"pitch":0.0,"roll":0.0,"steer":0.0,"supersonic":false,"throttle":0.0,"time":926.7496337890625,"v":[-2.060999870300293,-0.38099998235702515,400.7928466796875],"w":[-0.0002099999983329326,0.0,0.0],"x":[1354.8759765625,1892.969970703125,119.62642669677734],"yaw":0.0},"ball":{"v":[0.0,0.0,0.0],"w":[0.0,0.0,0.0],"x":[0.0,0.0,92.73999786376953]}}
{"car":{"boost":false,"boost_left":69,"dodge_dir":[2.3512056226468525e-38,2.3510604481259484e-38],"dodge_timer":-1.0,"double_jumped":false,"handbrake":false,"jump":true,"jump_timer":-1.0,"jumped":true,"o":[-0.979215145111084,0.20260705053806305,-0.009388395585119724,-0.2025977373123169,-0.9792601466178894,-0.001942440983839333,-0.009587232954800129,-0.0,0.9999540448188782],"on_ground":false,"pitch":0.0,"roll":0.0,"steer":0.0,"supersonic":false,"throttle":0.0,"time":926.7579956054688,"v":[-2.060999870300293,-0.38099998235702515,395.3682556152344],"w":[-0.0002099999983329326,0.0,0.0],"x":[1354.85595703125,1892.969970703125,122.92123413085938],"yaw":0.0},"ball":{"v":[0.0,0.0,0.0],"w":[0.0,0.0,0.0],"x":[0.0,0.0,92.73999786376953]}}
{"car":{"boost":false,"boost_left":69,"dodge_dir":[2.3512056226468525e-38,2.3510604481259484e-38],"dodge_timer":-1.0,"double_jumped":false,"handbrake":false,"jump":true,"jump_timer":-1.0,"jumped":true,"o":[-0.979215145111084,0.20260705053806305,-0.009388395585119724,-0.2025977373123169,-0.9792601466178894,-0.001942440983839333,-0.009587232954800129,-0.0,0.9999540448188782],"on_ground":false,"pitch":0.0,"roll":0.0,"steer":0.0,"supersonic":false,"throttle":0.0,"time":926.7748413085938,"v":[-2.060999870300293,-0.38099998235702515,384.4678039550781],"w":[-0.0002099999983329326,0.0,0.0],"x":[1354.815673828125,1892.969970703125,129.4086151123047],"yaw":0.0},"ball":{"v":[0.0,0.0,0.0],"w":[0.0,0.0,0.0],"x":[0.0,0.0,92.73999786376953]}}
{"car":{"boost":false,"boost_left":69,"dodge_dir":[2.3512056226468525e-38,2.3510604481259484e-38],"dodge_timer":-1.0,"double_jumped":false,"handbrake":false,"jump":true,"jump_timer":-1.0,"jumped":true,"o":[-0.979215145111084,0.20260705053806305,-0.009388395585119724,-0.2025977373123169,-0.9792601466178894,-0.001942440983839333,-0.009587232954800129,-0.0,0.9999540448188782],"on_ground":false,"pitch":0.0,"roll":0.0,"steer":0.0,"supersonic":false,"throttle":0.0,"time":926.783203125,"v":[-2.060999870300293,-0.38099998235702515,378.9587707519531],"w":[-0.0002099999983329326,0.0,0.0],"x":[1354.79541015625,1892.969970703125,132.6193389892578],"yaw":0.0},"ball":{"v":[0.0,0.0,0.0],"w":[0.0,0.0,0.0],"x":[0.0,0.0,92.73999786376953]}}
{"car":{"boost":false,"boost_left":69,"dodge_dir":[2.3512056226468525e-38,2.3510604481259484e-38],"dodge_timer":-1.0,"double_jumped":false,"handbrake":false,"jump":true,"jump_timer":-1.0,"jumped":true,"o":[-0.979215145111084,0.20260705053806305,-0.009388395585119724,-0.2025977373123169,-0.9792601466178894,-0.001942440983839333,-0.009587232954800129,-0.0,0.9999540448188782],"on_ground":false,"pitch":0.0,"roll":0.0,"steer":0.0,"supersonic":false,"throttle":0.0,"time":926.7999267578125,"v":[-2.060999870300293,-0.38099998235702515,368.1184387207031],"w":[-0.0002099999983329326,0.0,0.0],"x":[1354.7554931640625,1892.969970703125,138.79905700683594],"yaw":0.0},"ball":{"v":[0.0,0.0,0.0],"w":[0.0,0.0,0.0],"x":[0.0,0.0,92.73999786376953]}}
{"car":{"boost":false,"boost_left":69,"dodge_dir":[2.3512056226468525e-38,2.3510604481259484e-38],"dodge_timer":-1.0,"double_jumped":false,"handbrake":false,"jump":true,"jump_timer":-1.0,"jumped":true,"o":[-0.979215145111084,0.20260705053806305,-0.009388395585119724,-0.2025977373123169,-0.9792601466178894,-0.001942440983839333,-0.009587232954800129,-0.0,0.9999540448188782],"on_ground":false,"pitch":0.0,"roll":0.0,"steer":0.0,"supersonic":false,"throttle":0.0,"time":926.8082885742188,"v":[-2.060999870300293,-0.38099998235702515,362.6982421875],"w":[-0.0002099999983329326,0.0,0.0],"x":[1354.7354736328125,1892.969970703125,141.82005310058594],"yaw":0.0},"ball":{"v":[0.0,0.0,0.0],"w":[0.0,0.0,0.0],"x":[0.0,0.0,92.73999786376953]}}
{"car":{"boost":false,"boost_left":69,"dodge_dir":[2.3512056226468525e-38,2.3510604481259484e-38],"dodge_timer":-1.0,"double_jumped":false,"handbrake":false,"jump":true,"jump_timer":-1.0,"jumped":true,"o":[-0.979215145111084,0.20260705053806305,-0.009388395585119724,-0.2025977373123169,-0.9792601466178894,-0.001942440983839333,-0.009587232954800129,-0.0,0.9999540448188782],"on_ground":false,"pitch":0.0,"roll":0.0,"steer":0.0,"supersonic":false,"throttle":0.0,"time":926.8250122070313,"v":[-2.060999870300293,-0.38099998235702515,351.81671142578125],"w":[-0.0002099999983329326,0.0,0.0],"x":[1354.6951904296875,1892.969970703125,147.75181579589844],"yaw":0.0},"ball":{"v":[0.0,0.0,0.0],"w":[0.0,0.0,0.0],"x":[0.0,0.0,92.73999786376953]}}
{"car":{"boost":false,"boost_left":69,"dodge_dir":[2.3512056226468525e-38,2.3510604481259484e-38],"dodge_timer":-1.0,"double_jumped":false,"handbrake":false,"jump":true,"jump_timer":-1.0,"jumped":true,"o":[-0.979215145111084,0.20260705053806305,-0.009388395585119724,-0.2025977373123169,-0.9792601466178894,-0.001942440983839333,-0.009587232954800129,-0.0,0.9999540448188782],"on_ground":false,"pitch":0.0,"roll":0.0,"steer":0.0,"supersonic":false,"throttle":0.0,"time":926.8333740234375,"v":[-2.060999870300293,-0.38099998235702515,346.3890686035156],"w":[-0.0002099999983329326,0.0,0.0],"x":[1354.6751708984375,1892.969970703125,150.64407348632813],"yaw":0.0},"ball":{"v":[0.0,0.0,0.0],"w":[0.0,0.0,0.0],"x":[0.0,0.0,92.73999786376953]}}
{"car":{"boost":false,"boost_left":69,"dodge_dir":[2.3512056226468525e-38,2.3510604481259484e-38],"dodge_timer":-1.0,"double_jumped":false,"handbrake":false,"jump":true,"jump_timer":-1.0,"jumped":true,"o":[-0.979215145111084,0.20260705053806305,-0.009388395585119724,-0.2025977373123169,-0.9792601466178894,-0.001942440983839333,-0.009587232954800129,-0.0,0.9999540448188782],"on_ground":false,"pitch":0.0,"roll":0.0,"steer":0.0,"supersonic":false,"throttle":0.0,"time":926.8417358398438,"v":[-2.060999870300293,-0.38099998235702515,340.9333190917969],"w":[-0.0002099999983329326,0.0,0.0],"x":[1354.655029296875,1892.969970703125,153.50314331054688],"yaw":0.0},"ball":{"v":[0.0,0.0,0.0],"w":[0.0,0.0,0.0],"x":[0.0,0.0,92.73999786376953]}}
{"car":{"boost":false,"boost_left":69,"dodge_dir":[2.3512056226468525e-38,2.3510604481259484e-38],"dodge_timer":-1.0,"double_jumped":false,"handbrake":false,"jump":true,"jump_timer":-1.0,"jumped":true,"o":[-0.979215145111084,0.20260705053806305,-0.009388395585119724,-0.2025977373123169,-0.9792601466178894,-0.001942440983839333,-0.009587232954800129,-0.0,0.9999540448188782],"on_ground":false,"pitch":0.0,"roll":0.0,"steer":0.0,"supersonic":false,"throttle":0.0,"time":926.8585205078125,"v":[-2.060999870300293,-0.38099998235702515,330.0238342285156],"w":[-0.0002099999983329326,0.0,0.0],"x":[1354.6148681640625,1892.969970703125,159.08615112304688],"yaw":0.0},"ball":{"v":[0.0,0.0,0.0],"w":[0.0,0.0,0.0],"x":[0.0,0.0,92.73999786376953]}}
{"car":{"boost":false,"boost_left":69,"dodge_dir":[2.3512056226468525e-38,2.3510604481259484e-38],"dodge_timer":-1.0,"double_jumped":false,"handbrake":false,"jump":true,"jump_timer":-1.0,"jumped":true,"o":[-0.979215145111084,0.20260705053806305,-0.009388395585119724,-0.2025977373123169,-0.9792601466178894,-0.001942440983839333,-0.009587232954800129,-0.0,0.9999540448188782],"on_ground":false,"pitch":0.0,"roll":0.0,"steer":0.0,"supersonic":false,"throttle":0.0,"time":926.8668823242188,"v":[-2.060999870300293,-0.38099998235702515,324.5889892578125],"w":[-0.0002099999983329326,0.0,0.0],"x":[1354.5948486328125,1892.969970703125,161.80067443847656],"yaw":0.0},"ball":{"v":[0.0,0.0,0.0],"w":[0.0,0.0,0.0],"x":[0.0,0.0,92.73999786376953]}}
{"car":{"boost":false,"boost_left":69,"dodge_dir":[2.3512056226468525e-38,2.3510604481259484e-38],"dodge_timer":-1.0,"double_jumped":false,"handbrake":false,"jump":true,"jump_timer":-1.0,"jumped":true,"o":[-0.979215145111084,0.20260705053806305,-0.009388395585119724,-0.2025977373123169,-0.9792601466178894,-0.001942440983839333,-0.009587232954800129,-0.0,0.9999540448188782],"on_ground":false,"pitch":0.0,"roll":0.0,"steer":0.0,"supersonic":false,"throttle":0.0,"time":926.8753051757813,"v":[-2.060999870300293,-0.38099998235702515,319.16619873046875],"w":[-0.0002099999983329326,0.0,0.0],"x":[1354.57470703125,1892.969970703125,164.461669921875],"yaw":0.0},"ball":{"v":[0.0,0.0,0.0],"w":[0.0,0.0,0.0],"x":[0.0,0.0,92.73999786376953]}}
{"car":{"boost":false,"boost_left":69,"dodge_dir":[2.3512056226468525e-38,2.3510604481259484e-38],"dodge_timer":-1.0,"double_jumped":false,"handbrake":false,"jump":true,"jump_timer":-1.0,"jumped":true,"o":[-0.979215145111084,0.20260705053806305,-0.009388395585119724,-0.2025977373123169,-0.9792601466178894,-0.001942440983839333,-0.009587232954800129,-0.0,0.9999540448188782],"on_ground":false,"pitch":0.0,"roll":0.0,"steer":0.0,"supersonic":false,"throttle":0.0,"time":926.8921508789063,"v":[-2.060999870300293,-0.38099998235702515,308.19512939453125],"w":[-0.0002099999983329326,0.0,0.0],"x":[1354.5343017578125,1892.969970703125,169.70974731445313],"yaw":0.0},"ball":{"v":[0.0,0.0,0.0],"w":[0.0,0.0,0.0],"x":[0.0,0.0,92.73999786376953]}}
{"car":{"boost":false,"boost_left":69,"dodge_dir":[2.3512056226468525e-38,2.3510604481259484e-38],"dodge_timer":-1.0,"double_jumped":false,"handbrake":false,"jump":true,"jump_timer":-1.0,"jumped":true,"o":[-0.979215145111084,0.20260705053806305,-0.009388395585119724,-0.2025977373123169,-0.9792601466178894,-0.001942440983839333,-0.009587232954800129,-0.0,0.9999540448188782],"on_ground":false,"pitch":0.0,"roll":0.0,"steer":0.0,"supersonic":false,"throttle":0.0,"time":926.9005126953125,"v":[-2.060999870300293,-0.38099998235702515,302.7647399902344],"w":[-0.0002099999983329326,0.0,0.0],"x":[1354.5142822265625,1892.969970703125,172.24037170410156],"yaw":0.0},"ball":{"v":[0.0,0.0,0.0],"w":[0.0,0.0,0.0],"x":[0.0,0.0,92.73999786376953]}}
{"car":{"boost":false,"boost_left":69,"dodge_dir":[2.3512056226468525e-38,2.3510604481259484e-38],"dodge_timer":-1.0,"double_jumped":false,"handbrake":false,"jump":true,"jump_timer":-1.0,"jumped":true,"o":[-0.979215145111084,0.20260705053806305,-0.009388395585119724,-0.2025977373123169,-0.9792601466178894,-0.001942440983839333,-0.009587232954800129,-0.0,0.9999540448188782],"on_ground":false,"pitch":0.0,"roll":0.0,"steer":0.0,"supersonic":false,"throttle":0.0,"time":926.917236328125,"v":[-2.060999870300293,-0.38099998235702515,291.8930358886719],"w":[-0.0002099999983329326,0.0,0.0],"x":[1354.47412109375,1892.969970703125,177.16873168945313],"yaw":0.0},"ball":{"v":[0.0,0.0,0.0],"w":[0.0,0.0,0.0],"x":[0.0,0.0,92.73999786376953]}}
{"car":{"boost":false,"boost_left":69,"dodge_dir":[2.3512056226468525e-38,2.3510604481259484e-38],"dodge_timer":-1.0,"double_jumped":false,"handbrake":false,"jump":true,"jump_timer":-1.0,"jumped":true,"o":[-0.979215145111084,0.20260705053806305,-0.009388395585119724,-0.2025977373123169,-0.9792601466178894,-0.001942440983839333,-0.009587232954800129,-0.0,0.9999540448188782],"on_ground":false,"pitch":0.0,"roll":0.0,"steer":0.0,"supersonic":false,"throttle":0.0,"time":926.9255981445313,"v":[-2.060999870300293,-0.38099998235702515,286.47265625],"w":[-0.0002099999983329326,0.0,0.0],"x":[1354.4541015625,1892.969970703125,179.5572509765625],"yaw":0.0},"ball":{"v":[0.0,0.0,0.0],"w":[0.0,0.0,0.0],"x":[0.0,0.0,92.73999786376953]}}
{"car":{"boost":false,"boost_left":69,"dodge_dir":[2.3512056226468525e-38,2.3510604481259484e-38],"dodge_timer":-1.0,"double_jumped":false,"handbrake":false,"jump":true,"jump_timer":-1.0,"jumped":true,"o":[-0.979215145111084,0.20260705053806305,-0.009388395585119724,-0.2025977373123169,-0.9792601466178894,-0.001942440983839333,-0.009587232954800129,-0.0,0.9999540448188782],"on_ground":false,"pitch":0.0,"roll":0.0,"steer":0.0,"supersonic":false,"throttle":0.0,"time":926.9340209960938,"v":[-2.060999870300293,-0.38099998235702515,281.0440368652344],"w":[-0.0002099999983329326,0.0,0.0],"x":[1354.43408203125,1892.969970703125,181.90635681152344],"yaw":0.0},"ball":{"v":[0.0,0.0,0.0],"w":[0.0,0.0,0.0],"x":[0.0,0.0,92.73999786376953]}}
{"car":{"boost":false,"boost_left":69,"dodge_dir":[2.3512056226468525e-38,2.3510604481259484e-38],"dodge_timer":-1.0,"double_jumped":false,"handbrake":false,"jump":true,"jump_timer":-1.0,"jumped":true,"o":[-0.979215145111084,0.20260705053806305,-0.009388395585119724,-0.2025977373123169,-0.9792601466178894,-0.001942440983839333,-0.009587232954800129,-0.0,0.9999540448188782],"on_ground":false,"pitch":0.0,"roll":0.0,"steer":0.0,"supersonic":false,"throttle":0.0,"time":926.9508056640625,"v":[-2.060999870300293,-0.38099998235702515,270.1331481933594],"w":[-0.0002099999983329326,0.0,0.0],"x":[1354.3939208984375,1892.969970703125,186.4790496826172],"yaw":0.0},"ball":{"v":[0.0,0.0,0.0],"w":[0.0,0.0,0.0],"x":[0.0,0.0,92.73999786376953]}}
{"car":{"boost":false,"boost_left":69,"dodge_dir":[2.3512056226468525e-38,2.3510604481259484e-38],"dodge_timer":-1.0,"double_jumped":false,"handbrake":false,"jump":true,"jump_timer":-1.0,"jumped":true,"o":[-0.979215145111084,0.20260705053806305,-0.009388395585119724,-0.2025977373123169,-0.9792601466178894,-0.001942440983839333,-0.009587232954800129,-0.0,0.9999540448188782],"on_ground":false,"pitch":0.0,"roll":0.0,"steer":0.0,"supersonic":false,"throttle":0.0,"time":926.9591674804688,"v":[-2.060999870300293,-0.38099998235702515,264.6723327636719],"w":[-0.0002099999983329326,0.0,0.0],"x":[1354.373779296875,1892.969970703125,188.70008850097656],"yaw":0.0},"ball":{"v":[0.0,0.0,0.0],"w":[0.0,0.0,0.0],"x":[0.0,0.0,92.73999786376953]}}
{"car":{"boost":false,"boost_left":69,"dodge_dir":[2.3512056226468525e-38,2.3510604481259484e-38],"dodge_timer":-1.0,"double_jumped":false,"handbrake":false,"jump":true,"jump_timer":-1.0,"jumped":true,"o":[-0.979215145111084,0.20260705053806305,-0.009388395585119724,-0.2025977373123169,-0.9792601466178894,-0.001942440983839333,-0.009587232954800129,-0.0,0.9999540448188782],"on_ground":false,"pitch":0.0,"roll":0.0,"steer":0.0,"supersonic":false,"throttle":0.0,"time":926.9758911132813,"v":[-2.060999870300293,-0.38099998235702515,253.79380798339844],"w":[-0.0002099999983329326,0.0,0.0],"x":[1354.33349609375,1892.969970703125,192.98666381835938],"yaw":0.0},"ball":{"v":[0.0,0.0,0.0],"w":[0.0,0.0,0.0],"x":[0.0,0.0,92.73999786376953]}}
{"car":{"boost":false,"boost_left":69,"dodge_dir":[2.3512056226468525e-38,2.3510604481259484e-38],"dodge_timer":-1.0,"double_jumped":false,"handbrake":false,"jump":true,"jump_timer":-1.0,"jumped":true,"o":[-0.979215145111084,0.20260705053806305,-0.009388395585119724,-0.2025977373123169,-0.9792601466178894,-0.001942440983839333,-0.009587232954800129,-0.0,0.9999540448188782],"on_ground":false,"pitch":0.0,"roll":0.0,"steer":0.0,"supersonic":false,"throttle":0.0,"time":926.9842529296875,"v":[-2.060999870300293,-0.38099998235702515,248.3645782470703],"w":[-0.0002099999983329326,0.0,0.0],"x":[1354.3134765625,1892.969970703125,195.0573272705078],"yaw":0.0},"ball":{"v":[0.0,0.0,0.0],"w":[0.0,0.0,0.0],"x":[0.0,0.0,92.73999786376953]}}
{"car":{"boost":true,"boost_left":69,"dodge_dir":[2.3512056226468525e-38,2.3510604481259484e-38],"dodge_timer":-1.0,"double_jumped":false,"handbrake":false,"jump":true,"jump_timer":-1.0,"jumped":true,"o":[-0.979215145111084,0.20260705053806305,-0.009388395585119724,-0.2025977373123169,-0.9792601466178894,-0.001942440983839333,-0.009587232954800129,-0.0,0.9999540448188782],"on_ground":false,"pitch":0.0,"roll":0.0,"steer":0.0,"supersonic":false,"throttle":0.0,"time":926.99267578125,"v":[-2.060999870300293,-0.38099998235702515,242.9088134765625],"w":[-0.0002099999983329326,0.0,0.0],"x":[1354.2933349609375,1892.969970703125,197.09434509277344],"yaw":0.0},"ball":{"v":[0.0,0.0,0.0],"w":[0.0,0.0,0.0],"x":[0.0,0.0,92.73999786376953]}}
{"car":{"boost":true,"boost_left":69,"dodge_dir":[2.3512056226468525e-38,2.3510604481259484e-38],"dodge_timer":-1.0,"double_jumped":false,"handbrake":false,"jump":true,"jump_timer":-1.0,"jumped":true,"o":[-0.979215145111084,0.20260705053806305,-0.009388395585119724,-0.2025977373123169,-0.9792601466178894,-0.001942440983839333,-0.009587232954800129,-0.0,0.9999540448188782],"on_ground":false,"pitch":0.0,"roll":0.0,"steer":0.0,"supersonic":false,"throttle":0.0,"time":927.0094604492188,"v":[-13.150585174560547,-2.6696863174438477,231.85585021972656],"w":[-0.0002099999983329326,0.0,0.0],"x":[1354.144287109375,1892.939453125,201.04039001464844],"yaw":0.0},"ball":{"v":[0.0,0.0,0.0],"w":[0.0,0.0,0.0],"x":[0.0,0.0,92.73999786376953]}}
{"car":{"boost":true,"boost_left":68,"dodge_dir":[2.3512056226468525e-38,2.3510604481259484e-38],"dodge_timer":-1.0,"double_jumped":false,"handbrake":false,"jump":true,"jump_timer":-1.0,"jumped":true,"o":[-0.979215145111084,0.20260705053806305,-0.009388395585119724,-0.2025977373123169,-0.9792601466178894,-0.001942440983839333,-0.009587232954800129,-0.0,0.9999540448188782],"on_ground":false,"pitch":0.0,"roll":0.0,"steer":0.0,"supersonic":false,"throttle":0.0,"time":927.017822265625,"v":[-21.780853271484375,-4.449741363525391,226.34568786621094],"w":[-0.0002099999983329326,0.0,0.0],"x":[1353.9599609375,1892.902587890625,202.92654418945313],"yaw":0.0},"ball":{"v":[0.0,0.0,0.0],"w":[0.0,0.0,0.0],"x":[0.0,0.0,92.73999786376953]}}
{"car":{"boost":true,"boost_left":68,"dodge_dir":[2.3512056226468525e-38,2.3510604481259484e-38],"dodge_timer":-1.0,"double_jumped":false,"handbrake":false,"jump":true,"jump_timer":-1.0,"jumped":true,"o":[-0.979215145111084,0.20260705053806305,-0.009388395585119724,-0.2025977373123169,-0.9792601466178894,-0.001942440983839333,-0.009587232954800129,-0.0,0.9999540448188782],"on_ground":false,"pitch":0.0,"roll":0.0,"steer":0.0,"supersonic":false,"throttle":0.0,"time":927.0346069335938,"v":[-39.1441650390625,-8.031049728393555,215.2597198486328],"w":[-0.0002099999983329326,0.0,0.0],"x":[1353.376953125,1892.7811279296875,206.58285522460938],"yaw":0.0},"ball":{"v":[0.0,0.0,0.0],"w":[0.0,0.0,0.0],"x":[0.0,0.0,92.73999786376953]}}
{"car":{"boost":true,"boost_left":67,"dodge_dir":[2.3512056226468525e-38,2.3510604481259484e-38],"dodge_timer":-1.0,"double_jumped":false,"handbrake":false,"jump":true,"jump_timer":-1.0,"jumped":true,"o":[-0.979215145111084,0.20260705053806305,-0.009388395585119724,-0.2025977373123169,-0.9792601466178894,-0.001942440983839333,-0.009587232954800129,-0.0,0.9999540448188782],"on_ground":false,"pitch":0.0,"roll":0.0,"steer":0.0,"supersonic":false,"throttle":0.0,"time":927.04296875,"v":[-47.77443313598633,-9.811105728149414,209.7495574951172],"w":[-0.0002099999983329326,0.0,0.0],"x":[1352.9818115234375,1892.6976318359375,208.32852172851563],"yaw":0.0},"ball":{"v":[0.0,0.0,0.0],"w":[0.0,0.0,0.0],"x":[0.0,0.0,92.73999786376953]}}
{"car":{"boost":true,"boost_left":67,"dodge_dir":[2.3512056226468525e-38,2.3510604481259484e-38],"dodge_timer":-1.0,"double_jumped":false,"handbrake":false,"jump":true,"jump_timer":-1.0,"jumped":true,"o":[-0.979215145111084,0.20260705053806305,-0.009388395585119724,-0.2025977373123169,-0.9792601466178894,-0.001942440983839333,-0.009587232954800129,-0.0,0.9999540448188782],"on_ground":false,"pitch":0.0,"roll":0.0,"steer":0.0,"supersonic":false,"throttle":0.0,"time":927.0597534179688,"v":[-65.0487289428711,-13.374054908752441,198.7204132080078],"w":[-0.0002099999983329326,0.0,0.0],"x":[1351.966796875,1892.486572265625,211.68885803222656],"yaw":0.0},"ball":{"v":[0.0,0.0,0.0],"w":[0.0,0.0,0.0],"x":[0.0,0.0,92.73999786376953]}}
{"car":{"boost":true,"boost_left":67,"dodge_dir":[2.3512056226468525e-38,2.3510604481259484e-38],"dodge_timer":-1.0,"double_jumped":false,"handbrake":false,"jump":true,"jump_timer":-1.0,"jumped":true,"o":[-0.979215145111084,0.20260705053806305,-0.009388395585119724,-0.2025977373123169,-0.9792601466178894,-0.001942440983839333,-0.009587232954800129,-0.0,0.9999540448188782],"on_ground":false,"pitch":0.0,"roll":0.0,"steer":0.0,"supersonic":false,"throttle":0.0,"time":927.068115234375,"v":[-73.76544189453125,-15.171939849853516,193.15505981445313],"w":[-0.0002099999983329326,0.0,0.0],"x":[1351.3448486328125,1892.35791015625,213.31668090820313],"yaw":0.0},"ball":{"v":[0.0,0.0,0.0],"w":[0.0,0.0,0.0],"x":[0.0,0.0,92.73999786376953]}}
{"car":{"boost":true,"boost_left":66,"dodge_dir":[2.3512056226468525e-38,2.3510604481259484e-38],"dodge_timer":-1.0,"double_jumped":false,"handbrake":false,"jump":true,"jump_timer":-1.0,"jumped":true,"o":[-0.979215145111084,0.20260705053806305,-0.009388395585119724,-0.2025977373123169,-0.9792601466178894,-0.001942440983839333,-0.009587232954800129,-0.0,0.9999540448188782],"on_ground":false,"pitch":0.0,"roll":0.0,"steer":0.0,"supersonic":false,"throttle":0.0,"time":927.0848388671875,"v":[-91.04006958007813,-18.734954833984375,182.12571716308594],"w":[-0.0002099999983329326,0.0,0.0],"x":[1349.901611328125,1892.0565185546875,216.39578247070313],"yaw":0.0},"ball":{"v":[0.0,0.0,0.0],"w":[0.0,0.0,0.0],"x":[0.0,0.0,92.73999786376953]}}
{"car":{"boost":true,"boost_left":66,"dodge_dir":[2.3512056226468525e-38,2.3510604481259484e-38],"dodge_timer":-1.0,"double_jumped":false,"handbrake":false,"jump":true,"jump_timer":-1.0,"jumped":true,"o":[-0.979215145111084,0.20260705053806305,-0.009388395585119724,-0.2025977373123169,-0.9792601466178894,-0.001942440983839333,-0.009587232954800129,-0.0,0.9999540448188782],"on_ground":false,"pitch":0.0,"roll":0.0,"steer":0.0,"supersonic":false,"throttle":0.0,"time":927.0932006835938,"v":[-99.7298812866211,-20.527294158935547,176.57752990722656],"w":[-0.0002099999983329326,0.0,0.0],"x":[1349.065673828125,1891.881591796875,217.87710571289063],"yaw":0.0},"ball":{"v":[0.0,0.0,0.0],"w":[0.0,0.0,0.0],"x":[0.0,0.0,92.73999786376953]}}
{"car":{"boost":true,"boost_left":66,"dodge_dir":[2.3512056226468525e-38,2.3510604481259484e-38],"dodge_timer":-1.0,"double_jumped":false,"handbrake":false,"jump":true,"jump_timer":-1.0,"jumped":true,"o":[-0.979215145111084,0.20260705053806305,-0.009388395585119724,-0.2025977373123169,-0.9792601466178894,-0.001942440983839333,-0.009587232954800129,-0.0,0.9999540448188782],"on_ground":false,"pitch":0.0,"roll":0.0,"steer":0.0,"supersonic":false,"throttle":0.0,"time":927.1016235351563,"v":[-108.40657806396484,-22.316925048828125,171.0377197265625],"w":[-0.0002099999983329326,0.0,0.0],"x":[1348.1539306640625,1891.69287109375,219.30947875976563],"yaw":0.0},"ball":{"v":[0.0,0.0,0.0],"w":[0.0,0.0,0.0],"x":[0.0,0.0,92.73999786376953]}}
{"car":{"boost":true,"boost_left":65,"dodge_dir":[2.3512056226468525e-38,2.3510604481259484e-38],"dodge_timer":-1.0,"double_jumped":false,"handbrake":false,"jump":true,"jump_timer":-1.0,"jumped":true,"o":[-0.979215145111084,0.20260705053806305,-0.009388395585119724,-0.2025977373123169,-0.9792601466178894,-0.001942440983839333,-0.009587232954800129,-0.0,0.9999540448188782],"on_ground":false,"pitch":0.0,"roll":0.0,"steer":0.0,"supersonic":false,"throttle":0.0,"time":927.1100463867188,"v":[-117.12458038330078,-24.115074157714844,165.47152709960938],"w":[-0.0002099999983329326,0.0,0.0],"x":[1347.16650390625,1891.4869384765625,220.7039794921875],"yaw":0.0},"ball":{"v":[0.0,0.0,0.0],"w":[0.0,0.0,0.0],"x":[0.0,0.0,92.73999786376953]}}
{"car":{"boost":true,"boost_left":65,"dodge_dir":[2.3512056226468525e-38,2.3510604481259484e-38],"dodge_timer":-1.0,"double_jumped":false,"handbrake":false,"jump":true,"jump_timer":-1.0,"jumped":true,"o":[-0.979215145111084,0.20260705053806305,-0.009388395585119724,-0.2025977373123169,-0.9792601466178894,-0.001942440983839333,-0.009587232954800129,-0.0,0.9999540448188782],"on_ground":false,"pitch":0.0,"roll":0.0,"steer":0.0,"supersonic":false,"throttle":0.0,"time":927.118408203125,"v":[-125.87139892578125,-25.91916847229004,159.88694763183594],"w":[-0.0002099999983329326,0.0,0.0],"x":[1346.10400390625,1891.27001953125,222.05589294433594],"yaw":0.0},"ball":{"v":[0.0,0.0,0.0],"w":[0.0,0.0,0.0],"x":[0.0,0.0,92.73999786376953]}}
{"car":{"boost":true,"boost_left":65,"dodge_dir":[2.3512056226468525e-38,2.3510604481259484e-38],"dodge_timer":-1.0,"double_jumped":false,"handbrake":false,"jump":true,"jump_timer":-1.0,"jumped":true,"o":[-0.979215145111084,0.20260705053806305,-0.009388395585119724,-0.2025977373123169,-0.9792601466178894,-0.001942440983839333,-0.009587232954800129,-0.0,0.9999540448188782],"on_ground":false,"pitch":0.0,"roll":0.0,"steer":0.0,"supersonic":false,"throttle":0.0,"time":927.1267700195313,"v":[-134.5016632080078,-27.699222564697266,154.37677001953125],"w":[-0.0002099999983329326,0.0,0.0],"x":[1344.9853515625,1891.041748046875,223.34548950195313],"yaw":0.0},"ball":{"v":[0.0,0.0,0.0],"w":[0.0,0.0,0.0],"x":[0.0,0.0,92.73999786376953]}}
{"car":{"boost":true,"boost_left":64,"dodge_dir":[2.3512056226468525e-38,2.3510604481259484e-38],"dodge_timer":-1.0,"double_jumped":false,"handbrake":false,"jump":true,"jump_timer":-1.0,"jumped":true,"o":[-0.979215145111084,0.20260705053806305,-0.009388395585119724,-0.2025977373123169,-0.9792601466178894,-0.001942440983839333,-0.009587232954800129,-0.0,0.9999540448188782],"on_ground":false,"pitch":0.0,"roll":0.0,"steer":0.0,"supersonic":false,"throttle":0.0,"time":927.1351318359375,"v":[-143.13192749023438,-29.479278564453125,148.86660766601563],"w":[-0.0002099999983329326,0.0,0.0],"x":[1343.7926025390625,1890.797607421875,224.58505249023438],"yaw":0.0},"ball":{"v":[0.0,0.0,0.0],"w":[0.0,0.0,0.0],"x":[0.0,0.0,92.73999786376953]}}
{"car":{"boost":true,"boost_left":64,"dodge_dir":[2.3512056226468525e-38,2.3510604481259484e-38],"dodge_timer":-1.0,"double_jumped":false,"handbrake":false,"jump":true,"jump_timer":-1.0,"jumped":true,"o":[-0.979215145111084,0.20260705053806305,-0.009388395585119724,-0.2025977373123169,-0.9792601466178894,-0.001942440983839333,-0.009587232954800129,-0.0,0.9999540448188782],"on_ground":false,"pitch":0.0,"roll":0.0,"steer":0.0,"supersonic":false,"throttle":0.0,"time":927.1434936523438,"v":[-151.8031768798828,-31.267786026000977,143.3302764892578],"w":[-0.0002099999983329326,0.0,0.0],"x":[1342.5177001953125,1890.5382080078125,225.78428649902344],"yaw":0.0},"ball":{"v":[0.0,0.0,0.0],"w":[0.0,0.0,0.0],"x":[0.0,0.0,92.73999786376953]}}
{"car":{"boost":true,"boost_left":64,"dodge_dir":[2.3512056226468525e-38,2.3510604481259484e-38],"dodge_timer":-1.0,"double_jumped":false,"handbrake":false,"jump":true,"jump_timer":-1.0,"jumped":true,"o":[-0.979215145111084,0.20260705053806305,-0.009388395585119724,-0.2025977373123169,-0.9792601466178894,-0.001942440983839333,-0.009587232954800129,-0.0,0.9999540448188782],"on_ground":false,"pitch":0.0,"roll":0.0,"steer":0.0,"supersonic":false,"throttle":0.0,"time":927.152099609375,"v":[-160.46835327148438,-33.05503845214844,137.79782104492188],"w":[-0.0002099999983329326,0.0,0.0],"x":[1341.1732177734375,1890.262939453125,226.9381561279297],"yaw":0.0},"ball":{"v":[0.0,0.0,0.0],"w":[0.0,0.0,0.0],"x":[0.0,0.0,92.73999786376953]}}
{"car":{"boost":true,"boost_left":64,"dodge_dir":[2.3512056226468525e-38,2.3510604481259484e-38],"dodge_timer":-1.0,"double_jumped":false,"handbrake":false,"jump":true,"jump_timer":-1.0,"jumped":true,"o":[-0.979215145111084,0.20260705053806305,-0.009388395585119724,-0.2025977373123169,-0.9792601466178894,-0.001942440983839333,-0.009587232954800129,-0.0,0.9999540448188782],"on_ground":false,"pitch":0.0,"roll":0.0,"steer":0.0,"supersonic":false,"throttle":0.0,"time":927.1604614257813,"v":[-169.39413452148438,-34.89604949951172,132.09896850585938],"w":[-0.0002099999983329326,0.0,0.0],"x":[1339.714111328125,1889.9642333984375,228.07846069335938],"yaw":0.0},"ball":{"v":[0.0,0.0,0.0],"w":[0.0,0.0,0.0],"x":[0.0,0.0,92.73999786376953]}}
{"car":{"boost":true,"boost_left":63,"dodge_dir":[2.3512056226468525e-38,2.3510604481259484e-38],"dodge_timer":-1.0,"double_jumped":false,"handbrake":false,"jump":true,"jump_timer":-1.0,"jumped":true,"o":[-0.979215145111084,0.20260705053806305,-0.009388395585119724,-0.2025977373123169,-0.9792601466178894,-0.001942440983839333,-0.009587232954800129,-0.0,0.9999540448188782],"on_ground":false,"pitch":0.0,"roll":0.0,"steer":0.0,"supersonic":false,"throttle":0.0,"time":927.1688232421875,"v":[-178.0244140625,-36.67610549926758,126.58879089355469],"w":[-0.0002099999983329326,0.0,0.0],"x":[1338.232421875,1889.6597900390625,229.13587951660156],"yaw":0.0},"ball":{"v":[0.0,0.0,0.0],"w":[0.0,0.0,0.0],"x":[0.0,0.0,92.73999786376953]}}
{"car":{"boost":true,"boost_left":63,"dodge_dir":[2.3512056226468525e-38,2.3510604481259484e-38],"dodge_timer":-1.0,"double_jumped":false,"handbrake":false,"jump":true,"jump_timer":-1.0,"jumped":true,"o":[-0.979215145111084,0.20260705053806305,-0.009388395585119724,-0.2025977373123169,-0.9792601466178894,-0.001942440983839333,-0.009587232954800129,-0.0,0.9999540448188782],"on_ground":false,"pitch":0.0,"roll":0.0,"steer":0.0,"supersonic":false,"throttle":0.0,"time":927.1771850585938,"v":[-186.65467834472656,-38.45616149902344,121.07861328125],"w":[-0.0002099999983329326,0.0,0.0],"x":[1336.6807861328125,1889.3406982421875,230.14328002929688],"yaw":0.0},"ball":{"v":[0.0,0.0,0.0],"w":[0.0,0.0,0.0],"x":[0.0,0.0,92.73999786376953]}}
{"car":{"boost":true,"boost_left":63,"dodge_dir":[2.3512056226468525e-38,2.3510604481259484e-38],"dodge_timer":-1.0,"double_jumped":false,"handbrake":false,"jump":true,"jump_timer":-1.0,"jumped":true,"o":[-0.979215145111084,0.20260705053806305,-0.009388395585119724,-0.2025977373123169,-0.9792601466178894,-0.001942440983839333,-0.009587232954800129,-0.0,0.9999540448188782],"on_ground":false,"pitch":0.0,"roll":0.0,"steer":0.0,"supersonic":false,"throttle":0.0,"time":927.185546875,"v":[-195.28526306152344,-40.23628234863281,115.5682373046875],"w":[-0.0002099999983329326,0.0,0.0],"x":[1335.054443359375,1889.006103515625,231.10525512695313],"yaw":0.0},"ball":{"v":[0.0,0.0,0.0],"w":[0.0,0.0,0.0],"x":[0.0,0.0,92.73999786376953]}}
{"car":{"boost":true,"boost_left":62,"dodge_dir":[2.3512056226468525e-38,2.3510604481259484e-38],"dodge_timer":-1.0,"double_jumped":false,"handbrake":false,"jump":true,"jump_timer":-1.0,"jumped":true,"o":[-0.979215145111084,0.20260705053806305,-0.009388395585119724,-0.2025977373123169,-0.9792601466178894,-0.001942440983839333,-0.009587232954800129,-0.0,0.9999540448188782],"on_ground":false,"pitch":0.0,"roll":0.0,"steer":0.0,"supersonic":false,"throttle":0.0,"time":927.1939086914063,"v":[-203.91552734375,-42.016334533691406,110.05807495117188],"w":[-0.0002099999983329326,0.0,0.0],"x":[1333.352783203125,1888.6571044921875,232.0226593017578],"yaw":0.0},"ball":{"v":[0.0,0.0,0.0],"w":[0.0,0.0,0.0],"x":[0.0,0.0,92.73999786376953]}}
{"car":{"boost":true,"boost_left":62,"dodge_dir":[2.3512056226468525e-38,2.3510604481259484e-38],"dodge_timer":-1.0,"double_jumped":false,"handbrake":false,"jump":true,"jump_timer":-1.0,"jumped":true,"o":[-0.979215145111084,0.20260705053806305,-0.009388395585119724,-0.2025977373123169,-0.9792601466178894,-0.001942440983839333,-0.009587232954800129,-0.0,0.9999540448188782],"on_ground":false,"pitch":0.0,"roll":0.0,"steer":0.0,"supersonic":false,"throttle":0.0,"time":927.2022705078125,"v":[-212.54579162597656,-43.796390533447266,104.54790496826172],"w":[-0.0002099999983329326,0.0,0.0],"x":[1331.5810546875,1888.2926025390625,232.89459228515625],"yaw":0.0},"ball":{"v":[0.0,0.0,0.0],"w":[0.0,0.0,0.0],"x":[0.0,0.0,92.73999786376953]}}
{"car":{"boost":true,"boost_left":62,"dodge_dir":[2.3512056226468525e-38,2.3510604481259484e-38],"dodge_timer":-1.0,"double_jumped":false,"handbrake":false,"jump":true,"jump_timer":-1.0,"jumped":true,"o":[-0.979215145111084,0.20260705053806305,-0.009388395585119724,-0.2025977373123169,-0.9792601466178894,-0.001942440983839333,-0.009587232954800129,-0.0,0.9999540448188782],"on_ground":false,"pitch":0.0,"roll":0.0,"steer":0.0,"supersonic":false,"throttle":0.0,"time":927.2106323242188,"v":[-221.17605590820313,-45.576446533203125,99.03773498535156],"w":[-0.0002099999983329326,0.0,0.0],"x":[1329.7392578125,1887.9134521484375,233.7220001220703],"yaw":0.0},"ball":{"v":[0.0,0.0,0.0],"w":[0.0,0.0,0.0],"x":[0.0,0.0,92.73999786376953]}}
{"car":{"boost":true,"boost_left":62,"dodge_dir":[2.3512056226468525e-38,2.3510604481259484e-38],"dodge_timer":-1.0,"double_jumped":false,"handbrake":false,"jump":true,"jump_timer":-1.0,"jumped":true,"o":[-0.979215145111084,0.20260705053806305,-0.009388395585119724,-0.2025977373123169,-0.9792601466178894,-0.001942440983839333,-0.009587232954800129,-0.0,0.9999540448188782],"on_ground":false,"pitch":0.0,"roll":0.0,"steer":0.0,"supersonic":false,"throttle":0.0,"time":927.2191162109375,"v":[-229.80633544921875,-47.35649871826172,93.52755737304688],"w":[-0.0002099999983329326,0.0,0.0],"x":[1327.8275146484375,1887.5189208984375,234.4993896484375],"yaw":0.0},"ball":{"v":[0.0,0.0,0.0],"w":[0.0,0.0,0.0],"x":[0.0,0.0,92.73999786376953]}}
{"car":{"boost":true,"boost_left":61,"dodge_dir":[2.3512056226468525e-38,2.3510604481259484e-38],"dodge_timer":-1.0,"double_jumped":false,"handbrake":false,"jump":true,"jump_timer":-1.0,"jumped":true,"o":[-0.979215145111084,0.20260705053806305,-0.009388395585119724,-0.2025977373123169,-0.9792601466178894,-0.001942440983839333,-0.009587232954800129,-0.0,0.9999540448188782],"on_ground":false,"pitch":0.0,"roll":0.0,"steer":0.0,"supersonic":false,"throttle":0.0,"time":927.2274780273438,"v":[-238.57875061035156,-49.16587829589844,87.92662048339844],"w":[-0.0002099999983329326,0.0,0.0],"x":[1325.807861328125,1887.10302734375,235.24301147460938],"yaw":0.0},"ball":{"v":[0.0,0.0,0.0],"w":[0.0,0.0,0.0],"x":[0.0,0.0,92.73999786376953]}}
{"car":{"boost":true,"boost_left":61,"dodge_dir":[2.3512056226468525e-38,2.3510604481259484e-38],"dodge_timer":-1.0,"double_jumped":false,"handbrake":false,"jump":true,"jump_timer":-1.0,"jumped":true,"o":[-0.979215145111084,0.20260705053806305,-0.009388395585119724,-0.2025977373123169,-0.9792601466178894,-0.001942440983839333,-0.009587232954800129,-0.0,0.9999540448188782],"on_ground":false,"pitch":0.0,"roll":0.0,"steer":0.0,"supersonic":false,"throttle":0.0,"time":927.2359008789063,"v":[-247.2135009765625,-50.94685745239258,82.4135971069336],"w":[-0.0002099999983329326,0.0,0.0],"x":[1323.743896484375,1886.6781005859375,235.92991638183594],"yaw":0.0},"ball":{"v":[0.0,0.0,0.0],"w":[0.0,0.0,0.0],"x":[0.0,0.0,92.73999786376953]}}
{"car":{"boost":true,"boost_left":61,"dodge_dir":[2.3512056226468525e-38,2.3510604481259484e-38],"dodge_timer":-1.0,"double_jumped":false,"handbrake":false,"jump":true,"jump_timer":-1.0,"jumped":true,"o":[-0.979215145111084,0.20260705053806305,-0.009388395585119724,-0.2025977373123169,-0.9792601466178894,-0.001942440983839333,-0.009587232954800129,-0.0,0.9999540448188782],"on_ground":false,"pitch":0.0,"roll":0.0,"steer":0.0,"supersonic":false,"throttle":0.0,"time":927.2442626953125,"v":[-255.91004943847656,-52.74058151245117,76.8611068725586],"w":[-0.0002099999983329326,0.0,0.0],"x":[1321.59423828125,1886.2352294921875,236.57591247558594],"yaw":0.0},"ball":{"v":[0.0,0.0,0.0],"w":[0.0,0.0,0.0],"x":[0.0,0.0,92.73999786376953]}}
