{"car":{"boost":false,"boost_left":49,"dodge_dir":[2.3512056226468525e-38,2.3510604481259484e-38],"dodge_timer":-1.0,"double_jumped":false,"handbrake":false,"jump":true,"jump_timer":-1.0,"jumped":true,"o":[0.025402653962373734,0.999677300453186,0.00024355236382689327,-0.9996313452720642,0.0254038218408823,-0.009584139101207256,-0.009587232954800129,-0.0,0.9999540448188782],"on_ground":false,"pitch":0.0,"roll":0.0,"steer":0.0,"supersonic":false,"throttle":0.0,"time":993.6179809570313,"v":[0.0,-1.977097749710083,438.2722473144531],"w":[0.0004099999787285924,0.0,0.0],"x":[-619.2999877929688,-2236.769287109375,87.08052062988281],"yaw":0.0},"ball":{"v":[0.0,0.0,0.0],"w":[0.0,0.0,0.0],"x":[0.0,0.0,92.73999786376953]}}
{"car":{"boost":false,"boost_left":49,"dodge_dir":[2.3512056226468525e-38,2.3510604481259484e-38],"dodge_timer":-1.0,"double_jumped":false,"handbrake":false,"jump":true,"jump_timer":-1.0,"jumped":true,"o":[0.025402653962373734,0.999677300453186,0.00024355236382689327,-0.9996313452720642,0.0254038218408823,-0.009584139101207256,-0.009587232954800129,-0.0,0.9999540448188782],"on_ground":false,"pitch":0.0,"roll":0.0,"steer":0.0,"supersonic":false,"throttle":0.0,"time":993.6264038085938,"v":[0.0,-2.0876846313476563,445.0381774902344],"w":[0.0004099999787285924,0.0,0.0],"x":[-619.2999877929688,-2236.78955078125,90.80818939208984],"yaw":0.0},"ball":{"v":[0.0,0.0,0.0],"w":[0.0,0.0,0.0],"x":[0.0,0.0,92.73999786376953]}}
{"car":{"boost":false,"boost_left":49,"dodge_dir":[2.3512056226468525e-38,2.3510604481259484e-38],"dodge_timer":-1.0,"double_jumped":false,"handbrake":false,"jump":true,"jump_timer":-1.0,"jumped":true,"o":[0.025402653962373734,0.999677300453186,0.00024355236382689327,-0.9996313452720642,0.0254038218408823,-0.009584139101207256,-0.009587232954800129,-0.0,0.9999540448188782],"on_ground":false,"pitch":0.0,"roll":0.0,"steer":0.0,"supersonic":false,"throttle":0.0,"time":993.6348266601563,"v":[0.0,-2.0909998416900635,439.945556640625],"w":[0.0004099999787285924,0.0,0.0],"x":[-619.2999877929688,-2236.8095703125,94.50564575195313],"yaw":0.0},"ball":{"v":[0.0,0.0,0.0],"w":[0.0,0.0,0.0],"x":[0.0,0.0,92.73999786376953]}}
{"car":{"boost":false,"boost_left":49,"dodge_dir":[2.3512056226468525e-38,2.3510604481259484e-38],"dodge_timer":-1.0,"double_jumped":false,"handbrake":false,"jump":true,"jump_timer":-1.0,"jumped":true,"o":[0.025402653962373734,0.999677300453186,0.00024355236382689327,-0.9996313452720642,0.0254038218408823,-0.009584139101207256,-0.009587232954800129,-0.0,0.9999540448188782],"on_ground":false,"pitch":0.0,"roll":0.0,"steer":0.0,"supersonic":false,"throttle":0.0,"time":993.6431884765625,"v":[0.0,-2.0909998416900635,434.48699951171875],"w":[0.0004099999787285924,0.0,0.0],"x":[-619.2999877929688,-2236.82958984375,98.1525650024414],"yaw":0.0},"ball":{"v":[0.0,0.0,0.0],"w":[0.0,0.0,0.0],"x":[0.0,0.0,92.73999786376953]}}
{"car":{"boost":false,"boost_left":49,"dodge_dir":[2.3512056226468525e-38,2.3510604481259484e-38],"dodge_timer":-1.0,"double_jumped":false,"handbrake":false,"jump":true,"jump_timer":-1.0,"jumped":true,"o":[0.025402653962373734,0.999677300453186,0.00024355236382689327,-0.9996313452720642,0.0254038218408823,-0.009584139101207256,-0.009587232954800129,-0.0,0.9999540448188782],"on_ground":false,"pitch":0.0,"roll":0.0,"steer":0.0,"supersonic":false,"throttle":0.0,"time":993.6515502929688,"v":[0.0,-2.0909998416900635,429.0422668457031],"w":[0.0004099999787285924,0.0,0.0],"x":[-619.2999877929688,-2236.849609375,101.7396240234375],"yaw":0.0},"ball":{"v":[0.0,0.0,0.0],"w":[0.0,0.0,0.0],"x":[0.0,0.0,92.73999786376953]}}
{"car":{"boost":false,"boost_left":49,"dodge_dir":[2.3512056226468525e-38,2.3510604481259484e-38],"dodge_timer":-1.0,"double_jumped":false,"handbrake":false,"jump":true,"jump_timer":-1.0,"jumped":true,"o":[0.025402653962373734,0.999677300453186,0.00024355236382689327,-0.9996313452720642,0.0254038218408823,-0.009584139101207256,-0.009587232954800129,-0.0,0.9999540448188782],"on_ground":false,"pitch":0.0,"roll":0.0,"steer":0.0,"supersonic":false,"throttle":0.0,"time":993.6600341796875,"v":[0.0,-2.0909998416900635,423.6070556640625],"w":[0.0004099999787285924,0.0,0.0],"x":[-619.2999877929688,-2236.86962890625,105.28001403808594],"yaw":0.0},"ball":{"v":[0.0,0.0,0.0],"w":[0.0,0.0,0.0],"x":[0.0,0.0,92.73999786376953]}}
{"car":{"boost":false,"boost_left":49,"dodge_dir":[2.3512056226468525e-38,2.3510604481259484e-38],"dodge_timer":-1.0,"double_jumped":false,"handbrake":false,"jump":true,"jump_timer":-1.0,"jumped":true,"o":[0.025402653962373734,0.999677300453186,0.00024355236382689327,-0.9996313452720642,0.0254038218408823,-0.009584139101207256,-0.009587232954800129,-0.0,0.9999540448188782],"on_ground":false,"pitch":0.0,"roll":0.0,"steer":0.0,"supersonic":false,"throttle":0.0,"time":993.6683959960938,"v":[0.0,-2.0909998416900635,418.08209228515625],"w":[0.0004099999787285924,0.0,0.0],"x":[-619.2999877929688,-2236.89013671875,108.82737731933594],"yaw":0.0},"ball":{"v":[0.0,0.0,0.0],"w":[0.0,0.0,0.0],"x":[0.0,0.0,92.73999786376953]}}
{"car":{"boost":false,"boost_left":49,"dodge_dir":[2.3512056226468525e-38,2.3510604481259484e-38],"dodge_timer":-1.0,"double_jumped":false,"handbrake":false,"jump":true,"jump_timer":-1.0,"jumped":true,"o":[0.025402653962373734,0.999677300453186,0.00024355236382689327,-0.9996313452720642,0.0254038218408823,-0.009584139101207256,-0.009587232954800129,-0.0,0.9999540448188782],"on_ground":false,"pitch":0.0,"roll":0.0,"steer":0.0,"supersonic":false,"throttle":0.0,"time":993.6767578125,"v":[0.0,-2.0909998416900635,412.65087890625],"w":[0.0004099999787285924,0.0,0.0],"x":[-619.2999877929688,-2236.91015625,112.27384948730469],"yaw":0.0},"ball":{"v":[0.0,0.0,0.0],"w":[0.0,0.0,0.0],"x":[0.0,0.0,92.73999786376953]}}
{"car":{"boost":false,"boost_left":49,"dodge_dir":[2.3512056226468525e-38,2.3510604481259484e-38],"dodge_timer":-1.0,"double_jumped":false,"handbrake":false,"jump":true,"jump_timer":-1.0,"jumped":true,"o":[0.025402653962373734,0.999677300453186,0.00024355236382689327,-0.9996313452720642,0.0254038218408823,-0.009584139101207256,-0.009587232954800129,-0.0,0.9999540448188782],"on_ground":false,"pitch":0.0,"roll":0.0,"steer":0.0,"supersonic":false,"throttle":0.0,"time":993.6851196289063,"v":[0.0,-2.0909998416900635,407.2196350097656],"w":[0.0004099999787285924,0.0,0.0],"x":[-619.2999877929688,-2236.93017578125,115.67027282714844],"yaw":0.0},"ball":{"v":[0.0,0.0,0.0],"w":[0.0,0.0,0.0],"x":[0.0,0.0,92.73999786376953]}}
{"car":{"boost":false,"boost_left":49,"dodge_dir":[2.3512056226468525e-38,2.3510604481259484e-38],"dodge_timer":-1.0,"double_jumped":false,"handbrake":false,"jump":true,"jump_timer":-1.0,"jumped":true,"o":[0.025402653962373734,0.999677300453186,0.00024355236382689327,-0.9996313452720642,0.0254038218408823,-0.009584139101207256,-0.009587232954800129,-0.0,0.9999540448188782],"on_ground":false,"pitch":0.0,"roll":0.0,"steer":0.0,"supersonic":false,"throttle":0.0,"time":993.6934814453125,"v":[0.0,-2.0909998416900635,401.78863525390625],"w":[0.0004099999787285924,0.0,0.0],"x":[-619.2999877929688,-2236.9501953125,119.02623748779297],"yaw":0.0},"ball":{"v":[0.0,0.0,0.0],"w":[0.0,0.0,0.0],"x":[0.0,0.0,92.73999786376953]}}
{"car":{"boost":false,"boost_left":49,"dodge_dir":[2.3512056226468525e-38,2.3510604481259484e-38],"dodge_timer":-1.0,"double_jumped":false,"handbrake":false,"jump":true,"jump_timer":-1.0,"jumped":true,"o":[0.025402653962373734,0.999677300453186,0.00024355236382689327,-0.9996313452720642,0.0254038218408823,-0.009584139101207256,-0.009587232954800129,-0.0,0.9999540448188782],"on_ground":false,"pitch":0.0,"roll":0.0,"steer":0.0,"supersonic":false,"throttle":0.0,"time":993.7018432617188,"v":[0.0,-2.0909998416900635,396.35760498046875],"w":[0.0004099999787285924,0.0,0.0],"x":[-619.2999877929688,-2236.970458984375,122.33219146728516],"yaw":0.0},"ball":{"v":[0.0,0.0,0.0],"w":[0.0,0.0,0.0],"x":[0.0,0.0,92.73999786376953]}}
{"car":{"boost":false,"boost_left":49,"dodge_dir":[2.3512056226468525e-38,2.3510604481259484e-38],"dodge_timer":-1.0,"double_jumped":false,"handbrake":false,"jump":true,"jump_timer":-1.0,"jumped":true,"o":[0.025402653962373734,0.999677300453186,0.00024355236382689327,-0.9996313452720642,0.0254038218408823,-0.009584139101207256,-0.009587232954800129,-0.0,0.9999540448188782],"on_ground":false,"pitch":0.0,"roll":0.0,"steer":0.0,"supersonic":false,"throttle":0.0,"time":993.7102661132813,"v":[0.0,-2.0909998416900635,390.92657470703125],"w":[0.0004099999787285924,0.0,0.0],"x":[-619.2999877929688,-2236.990478515625,125.59777069091797],"yaw":0.0},"ball":{"v":[0.0,0.0,0.0],"w":[0.0,0.0,0.0],"x":[0.0,0.0,92.73999786376953]}}
{"car":{"boost":false,"boost_left":49,"dodge_dir":[2.3512056226468525e-38,2.3510604481259484e-38],"dodge_timer":-1.0,"double_jumped":false,"handbrake":false,"jump":true,"jump_timer":-1.0,"jumped":true,"o":[0.025402653962373734,0.999677300453186,0.00024355236382689327,-0.9996313452720642,0.0254038218408823,-0.009584139101207256,-0.009587232954800129,-0.0,0.9999540448188782],"on_ground":false,"pitch":0.0,"roll":0.0,"steer":0.0,"supersonic":false,"throttle":0.0,"time":993.7186279296875,"v":[0.0,-2.0909998416900635,385.4589538574219],"w":[0.0004099999787285924,0.0,0.0],"x":[-619.2999877929688,-2237.010498046875,128.8347625732422],"yaw":0.0},"ball":{"v":[0.0,0.0,0.0],"w":[0.0,0.0,0.0],"x":[0.0,0.0,92.73999786376953]}}
{"car":{"boost":false,"boost_left":49,"dodge_dir":[2.3512056226468525e-38,2.3510604481259484e-38],"dodge_timer":-1.0,"double_jumped":false,"handbrake":false,"jump":true,"jump_timer":-1.0,"jumped":true,"o":[0.025402653962373734,0.999677300453186,0.00024355236382689327,-0.9996313452720642,0.0254038218408823,-0.009584139101207256,-0.009587232954800129,-0.0,0.9999540448188782],"on_ground":false,"pitch":0.0,"roll":0.0,"steer":0.0,"supersonic":false,"throttle":0.0,"time":993.7269897460938,"v":[0.0,-2.0909998416900635,380.0279235839844],"w":[0.0004099999787285924,0.0,0.0],"x":[-619.2999877929688,-2237.03076171875,132.00962829589844],"yaw":0.0},"ball":{"v":[0.0,0.0,0.0],"w":[0.0,0.0,0.0],"x":[0.0,0.0,92.73999786376953]}}
{"car":{"boost":false,"boost_left":49,"dodge_dir":[2.3512056226468525e-38,2.3510604481259484e-38],"dodge_timer":-1.0,"double_jumped":false,"handbrake":false,"jump":true,"jump_timer":-1.0,"jumped":true,"o":[0.025402653962373734,0.999677300453186,0.00024355236382689327,-0.9996313452720642,0.0254038218408823,-0.009584139101207256,-0.009587232954800129,-0.0,0.9999540448188782],"on_ground":false,"pitch":0.0,"roll":0.0,"steer":0.0,"supersonic":false,"throttle":0.0,"time":993.7353515625,"v":[0.0,-2.0909998416900635,374.58282470703125],"w":[0.0004099999787285924,0.0,0.0],"x":[-619.2999877929688,-2237.05078125,135.14260864257813],"yaw":0.0},"ball":{"v":[0.0,0.0,0.0],"w":[0.0,0.0,0.0],"x":[0.0,0.0,92.73999786376953]}}
{"car":{"boost":false,"boost_left":49,"dodge_dir":[2.3512056226468525e-38,2.3510604481259484e-38],"dodge_timer":-1.0,"double_jumped":false,"handbrake":false,"jump":true,"jump_timer":-1.0,"jumped":true,"o":[0.025402653962373734,0.999677300453186,0.00024355236382689327,-0.9996313452720642,0.0254038218408823,-0.009584139101207256,-0.009587232954800129,-0.0,0.9999540448188782],"on_ground":false,"pitch":0.0,"roll":0.0,"steer":0.0,"supersonic":false,"throttle":0.0,"time":993.7437133789063,"v":[0.0,-2.0909998416900635,369.1495666503906],"w":[0.0004099999787285924,0.0,0.0],"x":[-619.2999877929688,-2237.07080078125,138.2281951904297],"yaw":0.0},"ball":{"v":[0.0,0.0,0.0],"w":[0.0,0.0,0.0],"x":[0.0,0.0,92.73999786376953]}}
{"car":{"boost":false,"boost_left":49,"dodge_dir":[2.3512056226468525e-38,2.3510604481259484e-38],"dodge_timer":-1.0,"double_jumped":false,"handbrake":false,"jump":true,"jump_timer":-1.0,"jumped":true,"o":[0.025402653962373734,0.999677300453186,0.00024355236382689327,-0.9996313452720642,0.0254038218408823,-0.009584139101207256,-0.009587232954800129,-0.0,0.9999540448188782],"on_ground":false,"pitch":0.0,"roll":0.0,"steer":0.0,"supersonic":false,"throttle":0.0,"time":993.7520751953125,"v":[0.0,-2.0909998416900635,363.7149353027344],"w":[0.0004099999787285924,0.0,0.0],"x":[-619.2999877929688,-2237.090576171875,141.26470947265625],"yaw":0.0},"ball":{"v":[0.0,0.0,0.0],"w":[0.0,0.0,0.0],"x":[0.0,0.0,92.73999786376953]}}
{"car":{"boost":false,"boost_left":49,"dodge_dir":[2.3512056226468525e-38,2.3510604481259484e-38],"dodge_timer":-1.0,"double_jumped":false,"handbrake":false,"jump":true,"jump_timer":-1.0,"jumped":true,"o":[0.025402653962373734,0.999677300453186,0.00024355236382689327,-0.9996313452720642,0.0254038218408823,-0.009584139101207256,-0.009587232954800129,-0.0,0.9999540448188782],"on_ground":false,"pitch":0.0,"roll":0.0,"steer":0.0,"supersonic":false,"throttle":0.0,"time":993.7604370117188,"v":[0.0,-2.0909998416900635,358.27728271484375],"w":[0.0004099999787285924,0.0,0.0],"x":[-619.2999877929688,-2237.11083984375,144.26219177246094],"yaw":0.0},"ball":{"v":[0.0,0.0,0.0],"w":[0.0,0.0,0.0],"x":[0.0,0.0,92.73999786376953]}}
{"car":{"boost":false,"boost_left":49,"dodge_dir":[2.3512056226468525e-38,2.3510604481259484e-38],"dodge_timer":-1.0,"double_jumped":false,"handbrake":false,"jump":true,"jump_timer":-1.0,"jumped":true,"o":[0.025402653962373734,0.999677300453186,0.00024355236382689327,-0.9996313452720642,0.0254038218408823,-0.009584139101207256,-0.009587232954800129,-0.0,0.9999540448188782],"on_ground":false,"pitch":0.0,"roll":0.0,"steer":0.0,"supersonic":false,"throttle":0.0,"time":993.7689208984375,"v":[0.0,-2.0909998416900635,352.8368225097656],"w":[0.0004099999787285924,0.0,0.0],"x":[-619.2999877929688,-2237.130859375,147.2113494873047],"yaw":0.0},"ball":{"v":[0.0,0.0,0.0],"w":[0.0,0.0,0.0],"x":[0.0,0.0,92.73999786376953]}}
{"car":{"boost":false,"boost_left":49,"dodge_dir":[2.3512056226468525e-38,2.3510604481259484e-38],"dodge_timer":-1.0,"double_jumped":false,"handbrake":false,"jump":true,"jump_timer":-1.0,"jumped":true,"o":[0.025402653962373734,0.999677300453186,0.00024355236382689327,-0.9996313452720642,0.0254038218408823,-0.009584139101207256,-0.009587232954800129,-0.0,0.9999540448188782],"on_ground":false,"pitch":0.0,"roll":0.0,"steer":0.0,"supersonic":false,"throttle":0.0,"time":993.7772827148438,"v":[0.0,-2.0909998416900635,347.3219299316406],"w":[0.0004099999787285924,0.0,0.0],"x":[-619.2999877929688,-2237.151123046875,150.1588134765625],"yaw":0.0},"ball":{"v":[0.0,0.0,0.0],"w":[0.0,0.0,0.0],"x":[0.0,0.0,92.73999786376953]}}
{"car":{"boost":false,"boost_left":49,"dodge_dir":[2.3512056226468525e-38,2.3510604481259484e-38],"dodge_timer":-1.0,"double_jumped":false,"handbrake":false,"jump":true,"jump_timer":-1.0,"jumped":true,"o":[0.025402653962373734,0.999677300453186,0.00024355236382689327,-0.9996313452720642,0.0254038218408823,-0.009584139101207256,-0.009587232954800129,-0.0,0.9999540448188782],"on_ground":false,"pitch":0.0,"roll":0.0,"steer":0.0,"supersonic":false,"throttle":0.0,"time":993.78564453125,"v":[0.0,-2.0909998416900635,341.8904724121094],"w":[0.0004099999787285924,0.0,0.0],"x":[-619.2999877929688,-2237.17138671875,153.0120849609375],"yaw":0.0},"ball":{"v":[0.0,0.0,0.0],"w":[0.0,0.0,0.0],"x":[0.0,0.0,92.73999786376953]}}
{"car":{"boost":false,"boost_left":49,"dodge_dir":[2.3512056226468525e-38,2.3510604481259484e-38],"dodge_timer":-1.0,"double_jumped":false,"handbrake":false,"jump":true,"jump_timer":-1.0,"jumped":true,"o":[0.025402653962373734,0.999677300453186,0.00024355236382689327,-0.9996313452720642,0.0254038218408823,-0.009584139101207256,-0.009587232954800129,-0.0,0.9999540448188782],"on_ground":false,"pitch":0.0,"roll":0.0,"steer":0.0,"supersonic":false,"throttle":0.0,"time":993.7940063476563,"v":[0.0,-2.0909998416900635,336.4592590332031],"w":[0.0004099999787285924,0.0,0.0],"x":[-619.2999877929688,-2237.19140625,155.8243865966797],"yaw":0.0},"ball":{"v":[0.0,0.0,0.0],"w":[0.0,0.0,0.0],"x":[0.0,0.0,92.73999786376953]}}
{"car":{"boost":false,"boost_left":49,"dodge_dir":[2.3512056226468525e-38,2.3510604481259484e-38],"dodge_timer":-1.0,"double_jumped":false,"handbrake":false,"jump":true,"jump_timer":-1.0,"jumped":true,"o":[0.025402653962373734,0.999677300453186,0.00024355236382689327,-0.9996313452720642,0.0254038218408823,-0.009584139101207256,-0.009587232954800129,-0.0,0.9999540448188782],"on_ground":false,"pitch":0.0,"roll":0.0,"steer":0.0,"supersonic":false,"throttle":0.0,"time":993.8023681640625,"v":[0.0,-2.0909998416900635,331.0282287597656],"w":[0.0004099999787285924,0.0,0.0],"x":[-619.2999877929688,-2237.21142578125,158.5871124267578],"yaw":0.0},"ball":{"v":[0.0,0.0,0.0],"w":[0.0,0.0,0.0],"x":[0.0,0.0,92.73999786376953]}}
{"car":{"boost":false,"boost_left":49,"dodge_dir":[2.3512056226468525e-38,2.3510604481259484e-38],"dodge_timer":-1.0,"double_jumped":false,"handbrake":false,"jump":true,"jump_timer":-1.0,"jumped":true,"o":[0.025402653962373734,0.999677300453186,0.00024355236382689327,-0.9996313452720642,0.0254038218408823,-0.009584139101207256,-0.009587232954800129,-0.0,0.9999540448188782],"on_ground":false,"pitch":0.0,"roll":0.0,"steer":0.0,"supersonic":false,"throttle":0.0,"time":993.8107299804688,"v":[0.0,-2.0909998416900635,325.59722900390625],"w":[0.0004099999787285924,0.0,0.0],"x":[-619.2999877929688,-2237.2314453125,161.3089141845703],"yaw":0.0},"ball":{"v":[0.0,0.0,0.0],"w":[0.0,0.0,0.0],"x":[0.0,0.0,92.73999786376953]}}
{"car":{"boost":false,"boost_left":49,"dodge_dir":[2.3512056226468525e-38,2.3510604481259484e-38],"dodge_timer":-1.0,"double_jumped":false,"handbrake":false,"jump":true,"jump_timer":-1.0,"jumped":true,"o":[0.025402653962373734,0.999677300453186,0.00024355236382689327,-0.9996313452720642,0.0254038218408823,-0.009584139101207256,-0.009587232954800129,-0.0,0.9999540448188782],"on_ground":false,"pitch":0.0,"roll":0.0,"steer":0.0,"supersonic":false,"throttle":0.0,"time":993.819091796875,"v":[0.0,-2.0909998416900635,320.1645812988281],"w":[0.0004099999787285924,0.0,0.0],"x":[-619.2999877929688,-2237.25146484375,163.98207092285156],"yaw":0.0},"ball":{"v":[0.0,0.0,0.0],"w":[0.0,0.0,0.0],"x":[0.0,0.0,92.73999786376953]}}
{"car":{"boost":false,"boost_left":49,"dodge_dir":[2.3512056226468525e-38,2.3510604481259484e-38],"dodge_timer":-1.0,"double_jumped":false,"handbrake":false,"jump":true,"jump_timer":-1.0,"jumped":true,"o":[0.025402653962373734,0.999677300453186,0.00024355236382689327,-0.9996313452720642,0.0254038218408823,-0.009584139101207256,-0.009587232954800129,-0.0,0.9999540448188782],"on_ground":false,"pitch":0.0,"roll":0.0,"steer":0.0,"supersonic":false,"throttle":0.0,"time":993.8275146484375,"v":[0.0,-2.0909998416900635,314.7275390625],"w":[0.0004099999787285924,0.0,0.0],"x":[-619.2999877929688,-2237.271728515625,166.61634826660156],"yaw":0.0},"ball":{"v":[0.0,0.0,0.0],"w":[0.0,0.0,0.0],"x":[0.0,0.0,92.73999786376953]}}
{"car":{"boost":false,"boost_left":49,"dodge_dir":[2.3512056226468525e-38,2.3510604481259484e-38],"dodge_timer":-1.0,"double_jumped":false,"handbrake":false,"jump":true,"jump_timer":-1.0,"jumped":true,"o":[0.025402653962373734,0.999677300453186,0.00024355236382689327,-0.9996313452720642,0.0254038218408823,-0.009584139101207256,-0.009587232954800129,-0.0,0.9999540448188782],"on_ground":false,"pitch":0.0,"roll":0.0,"steer":0.0,"supersonic":false,"throttle":0.0,"time":993.8359375,"v":[0.0,-2.0909998416900635,309.23675537109375],"w":[0.0004099999787285924,0.0,0.0],"x":[-619.2999877929688,-2237.2919921875,169.22628784179688],"yaw":0.0},"ball":{"v":[0.0,0.0,0.0],"w":[0.0,0.0,0.0],"x":[0.0,0.0,92.73999786376953]}}
{"car":{"boost":true,"boost_left":49,"dodge_dir":[2.3512056226468525e-38,2.3510604481259484e-38],"dodge_timer":-1.0,"double_jumped":false,"handbrake":false,"jump":true,"jump_timer":-1.0,"jumped":true,"o":[0.025402653962373734,0.999677300453186,0.00024355236382689327,-0.9996313452720642,0.0254038218408823,-0.009584139101207256,-0.009587232954800129,-0.0,0.9999540448188782],"on_ground":false,"pitch":0.0,"roll":0.0,"steer":0.0,"supersonic":false,"throttle":0.0,"time":993.8442993164063,"v":[0.0,-2.0909998416900635,303.7679443359375],"w":[0.0004099999787285924,0.0,0.0],"x":[-619.2999877929688,-2237.31201171875,171.78407287597656],"yaw":0.0},"ball":{"v":[0.0,0.0,0.0],"w":[0.0,0.0,0.0],"x":[0.0,0.0,92.73999786376953]}}
{"car":{"boost":true,"boost_left":49,"dodge_dir":[2.3512056226468525e-38,2.3510604481259484e-38],"dodge_timer":-1.0,"double_jumped":false,"handbrake":false,"jump":true,"jump_timer":-1.0,"jumped":true,"o":[0.025402653962373734,0.999677300453186,0.00024355236382689327,-0.9996313452720642,0.0254038218408823,-0.009584139101207256,-0.009587232954800129,-0.0,0.9999540448188782],"on_ground":false,"pitch":0.0,"roll":0.0,"steer":0.0,"supersonic":false,"throttle":0.0,"time":993.8610229492188,"v":[0.22436048090457916,-11.286481857299805,292.8169860839844],"w":[0.0004099999787285924,0.0,0.0],"x":[-619.2999877929688,-2237.43701171875,176.72483825683594],"yaw":0.0},"ball":{"v":[0.0,0.0,0.0],"w":[0.0,0.0,0.0],"x":[0.0,0.0,92.73999786376953]}}
{"car":{"boost":false,"boost_left":49,"dodge_dir":[2.3512056226468525e-38,2.3510604481259484e-38],"dodge_timer":-1.0,"double_jumped":false,"handbrake":false,"jump":true,"jump_timer":-1.0,"jumped":true,"o":[0.025402653962373734,0.999677300453186,0.00024355236382689327,-0.9996313452720642,0.0254038218408823,-0.009584139101207256,-0.009587232954800129,-0.0,0.9999540448188782],"on_ground":false,"pitch":0.0,"roll":0.0,"steer":0.0,"supersonic":false,"throttle":0.0,"time":993.8694458007813,"v":[0.4458855092525482,-20.15755271911621,287.27886962890625],"w":[0.0004099999787285924,0.0,0.0],"x":[-619.298828125,-2237.60595703125,179.1358184814453],"yaw":0.0},"ball":{"v":[0.0,0.0,0.0],"w":[0.0,0.0,0.0],"x":[0.0,0.0,92.73999786376953]}}
{"car":{"boost":false,"boost_left":48,"dodge_dir":[2.3512056226468525e-38,2.3510604481259484e-38],"dodge_timer":-1.0,"double_jumped":false,"handbrake":false,"jump":true,"jump_timer":-1.0,"jumped":true,"o":[0.025402653962373734,0.999677300453186,0.00024355236382689327,-0.9996313452720642,0.0254038218408823,-0.009584139101207256,-0.009587232954800129,-0.0,0.9999540448188782],"on_ground":false,"pitch":0.0,"roll":0.0,"steer":0.0,"supersonic":false,"throttle":0.0,"time":993.88623046875,"v":[0.8906821608543396,-37.969635009765625,276.158935546875],"w":[0.0004099999787285924,0.0,0.0],"x":[-619.2786254882813,-2238.171142578125,183.8349151611328],"yaw":0.0},"ball":{"v":[0.0,0.0,0.0],"w":[0.0,0.0,0.0],"x":[0.0,0.0,92.73999786376953]}}
{"car":{"boost":false,"boost_left":48,"dodge_dir":[2.3512056226468525e-38,2.3510604481259484e-38],"dodge_timer":-1.0,"double_jumped":false,"handbrake":false,"jump":true,"jump_timer":-1.0,"jumped":true,"o":[0.025402653962373734,0.999677300453186,0.00024355236382689327,-0.9996313452720642,0.0254038218408823,-0.009584139101207256,-0.009587232954800129,-0.0,0.9999540448188782],"on_ground":false,"pitch":0.0,"roll":0.0,"steer":0.0,"supersonic":false,"throttle":0.0,"time":993.8945922851563,"v":[1.1111541986465454,-46.79853820800781,270.64715576171875],"w":[0.0004099999787285924,0.0,0.0],"x":[-619.2686157226563,-2238.561767578125,186.0942840576172],"yaw":0.0},"ball":{"v":[0.0,0.0,0.0],"w":[0.0,0.0,0.0],"x":[0.0,0.0,92.73999786376953]}}
{"car":{"boost":false,"boost_left":48,"dodge_dir":[2.3512056226468525e-38,2.3510604481259484e-38],"dodge_timer":-1.0,"double_jumped":false,"handbrake":false,"jump":true,"jump_timer":-1.0,"jumped":true,"o":[0.025402653962373734,0.999677300453186,0.00024355236382689327,-0.9996313452720642,0.0254038218408823,-0.009584139101207256,-0.009587232954800129,-0.0,0.9999540448188782],"on_ground":false,"pitch":0.0,"roll":0.0,"steer":0.0,"supersonic":false,"throttle":0.0,"time":993.9029541015625,"v":[1.3319364786148071,-55.639862060546875,265.1275939941406],"w":[0.0004099999787285924,0.0,0.0],"x":[-619.2586059570313,-2239.0244140625,188.3151397705078],"yaw":0.0},"ball":{"v":[0.0,0.0,0.0],"w":[0.0,0.0,0.0],"x":[0.0,0.0,92.73999786376953]}}
{"car":{"boost":false,"boost_left":47,"dodge_dir":[2.3512056226468525e-38,2.3510604481259484e-38],"dodge_timer":-1.0,"double_jumped":false,"handbrake":false,"jump":true,"jump_timer":-1.0,"jumped":true,"o":[0.025402653962373734,0.999677300453186,0.00024355236382689327,-0.9996313452720642,0.0254038218408823,-0.009584139101207256,-0.009587232954800129,-0.0,0.9999540448188782],"on_ground":false,"pitch":0.0,"roll":0.0,"steer":0.0,"supersonic":false,"throttle":0.0,"time":993.919677734375,"v":[1.7728561162948608,-73.29669189453125,254.10459899902344],"w":[0.0004099999787285924,0.0,0.0],"x":[-619.2371215820313,-2240.1767578125,192.60118103027344],"yaw":0.0},"ball":{"v":[0.0,0.0,0.0],"w":[0.0,0.0,0.0],"x":[0.0,0.0,92.73999786376953]}}
{"car":{"boost":false,"boost_left":47,"dodge_dir":[2.3512056226468525e-38,2.3510604481259484e-38],"dodge_timer":-1.0,"double_jumped":false,"handbrake":false,"jump":true,"jump_timer":-1.0,"jumped":true,"o":[0.025402653962373734,0.999677300453186,0.00024355236382689327,-0.9996313452720642,0.0254038218408823,-0.009584139101207256,-0.009587232954800129,-0.0,0.9999540448188782],"on_ground":false,"pitch":0.0,"roll":0.0,"steer":0.0,"supersonic":false,"throttle":0.0,"time":993.9281005859375,"v":[1.9934260845184326,-82.1295166015625,248.59034729003906],"w":[0.0004099999787285924,0.0,0.0],"x":[-619.217041015625,-2240.860595703125,194.67919921875],"yaw":0.0},"ball":{"v":[0.0,0.0,0.0],"w":[0.0,0.0,0.0],"x":[0.0,0.0,92.73999786376953]}}
{"car":{"boost":false,"boost_left":46,"dodge_dir":[2.3512056226468525e-38,2.3510604481259484e-38],"dodge_timer":-1.0,"double_jumped":false,"handbrake":false,"jump":true,"jump_timer":-1.0,"jumped":true,"o":[0.025402653962373734,0.999677300453186,0.00024355236382689327,-0.9996313452720642,0.0254038218408823,-0.009584139101207256,-0.009587232954800129,-0.0,0.9999540448188782],"on_ground":false,"pitch":0.0,"roll":0.0,"steer":0.0,"supersonic":false,"throttle":0.0,"time":993.94482421875,"v":[2.43561053276062,-99.83700561523438,237.53573608398438],"w":[0.0004099999787285924,0.0,0.0],"x":[-619.1768188476563,-2242.4599609375,198.7052001953125],"yaw":0.0},"ball":{"v":[0.0,0.0,0.0],"w":[0.0,0.0,0.0],"x":[0.0,0.0,92.73999786376953]}}
{"car":{"boost":false,"boost_left":46,"dodge_dir":[2.3512056226468525e-38,2.3510604481259484e-38],"dodge_timer":-1.0,"double_jumped":false,"handbrake":false,"jump":true,"jump_timer":-1.0,"jumped":true,"o":[0.025402653962373734,0.999677300453186,0.00024355236382689327,-0.9996313452720642,0.0254038218408823,-0.009584139101207256,-0.009587232954800129,-0.0,0.9999540448188782],"on_ground":false,"pitch":0.0,"roll":0.0,"steer":0.0,"supersonic":false,"throttle":0.0,"time":993.9531860351563,"v":[2.622594118118286,-107.34867858886719,232.03529357910156],"w":[0.0004099999787285924,0.0,0.0],"x":[-619.1567993164063,-2243.353515625,200.64291381835938],"yaw":0.0},"ball":{"v":[0.0,0.0,0.0],"w":[0.0,0.0,0.0],"x":[0.0,0.0,92.73999786376953]}}
{"car":{"boost":false,"boost_left":46,"dodge_dir":[2.3512056226468525e-38,2.3510604481259484e-38],"dodge_timer":-1.0,"double_jumped":false,"handbrake":false,"jump":true,"jump_timer":-1.0,"jumped":true,"o":[0.025402653962373734,0.999677300453186,0.00024355236382689327,-0.9996313452720642,0.0254038218408823,-0.009584139101207256,-0.009587232954800129,-0.0,0.9999540448188782],"on_ground":false,"pitch":0.0,"roll":0.0,"steer":0.0,"supersonic":false,"throttle":0.0,"time":993.9700317382813,"v":[2.630999803543091,-107.81099700927734,221.0811767578125],"w":[0.0004099999787285924,0.0,0.0],"x":[-619.1163940429688,-2245.171142578125,204.4138641357422],"yaw":0.0},"ball":{"v":[0.0,0.0,0.0],"w":[0.0,0.0,0.0],"x":[0.0,0.0,92.73999786376953]}}
{"car":{"boost":false,"boost_left":46,"dodge_dir":[2.3512056226468525e-38,2.3510604481259484e-38],"dodge_timer":-1.0,"double_jumped":false,"handbrake":false,"jump":true,"jump_timer":-1.0,"jumped":true,"o":[0.025402653962373734,0.999677300453186,0.00024355236382689327,-0.9996313452720642,0.0254038218408823,-0.009584139101207256,-0.009587232954800129,-0.0,0.9999540448188782],"on_ground":false,"pitch":0.0,"roll":0.0,"steer":0.0,"supersonic":false,"throttle":0.0,"time":993.9783935546875,"v":[2.630999803543091,-107.81099700927734,215.64974975585938],"w":[0.0004099999787285924,0.0,0.0],"x":[-619.0963745117188,-2246.072998046875,206.2186279296875],"yaw":0.0},"ball":{"v":[0.0,0.0,0.0],"w":[0.0,0.0,0.0],"x":[0.0,0.0,92.73999786376953]}}
{"car":{"boost":false,"boost_left":46,"dodge_dir":[2.3512056226468525e-38,2.3510604481259484e-38],"dodge_timer":-1.0,"double_jumped":false,"handbrake":false,"jump":true,"jump_timer":-1.0,"jumped":true,"o":[0.025402653962373734,0.999677300453186,0.00024355236382689327,-0.9996313452720642,0.0254038218408823,-0.009584139101207256,-0.009587232954800129,-0.0,0.9999540448188782],"on_ground":false,"pitch":0.0,"roll":0.0,"steer":0.0,"supersonic":false,"throttle":0.0,"time":993.98681640625,"v":[2.630999803543091,-107.81099700927734,210.21852111816406],"w":[0.0004099999787285924,0.0,0.0],"x":[-619.0762939453125,-2246.974853515625,207.97311401367188],"yaw":0.0},"ball":{"v":[0.0,0.0,0.0],"w":[0.0,0.0,0.0],"x":[0.0,0.0,92.73999786376953]}}
{"car":{"boost":false,"boost_left":46,"dodge_dir":[2.3512056226468525e-38,2.3510604481259484e-38],"dodge_timer":-1.0,"double_jumped":false,"handbrake":false,"jump":true,"jump_timer":-1.0,"jumped":true,"o":[0.025402653962373734,0.999677300453186,0.00024355236382689327,-0.9996313452720642,0.0254038218408823,-0.009584139101207256,-0.009587232954800129,-0.0,0.9999540448188782],"on_ground":false,"pitch":0.0,"roll":0.0,"steer":0.0,"supersonic":false,"throttle":0.0,"time":994.0035400390625,"v":[2.630999803543091,-107.81099700927734,199.3214874267578],"w":[0.0004099999787285924,0.0,0.0],"x":[-619.0360717773438,-2248.7841796875,211.3536834716797],"yaw":0.0},"ball":{"v":[0.0,0.0,0.0],"w":[0.0,0.0,0.0],"x":[0.0,0.0,92.73999786376953]}}
{"car":{"boost":false,"boost_left":46,"dodge_dir":[2.3512056226468525e-38,2.3510604481259484e-38],"dodge_timer":-1.0,"double_jumped":false,"handbrake":false,"jump":true,"jump_timer":-1.0,"jumped":true,"o":[0.025402653962373734,0.999677300453186,0.00024355236382689327,-0.9996313452720642,0.0254038218408823,-0.009584139101207256,-0.009587232954800129,-0.0,0.9999540448188782],"on_ground":false,"pitch":0.0,"roll":0.0,"steer":0.0,"supersonic":false,"throttle":0.0,"time":994.0119018554688,"v":[2.630999803543091,-107.81099700927734,193.8904571533203],"w":[0.0004099999787285924,0.0,0.0],"x":[-619.0160522460938,-2249.68603515625,212.96914672851563],"yaw":0.0},"ball":{"v":[0.0,0.0,0.0],"w":[0.0,0.0,0.0],"x":[0.0,0.0,92.73999786376953]}}
{"car":{"boost":false,"boost_left":46,"dodge_dir":[2.3512056226468525e-38,2.3510604481259484e-38],"dodge_timer":-1.0,"double_jumped":false,"handbrake":false,"jump":true,"jump_timer":-1.0,"jumped":true,"o":[0.025402653962373734,0.999677300453186,0.00024355236382689327,-0.9996313452720642,0.0254038218408823,-0.009584139101207256,-0.009587232954800129,-0.0,0.9999540448188782],"on_ground":false,"pitch":0.0,"roll":0.0,"steer":0.0,"supersonic":false,"throttle":0.0,"time":994.0203857421875,"v":[2.630999803543091,-107.81099700927734,188.45944213867188],"w":[0.0004099999787285924,0.0,0.0],"x":[-618.9960327148438,-2250.587890625,214.54248046875],"yaw":0.0},"ball":{"v":[0.0,0.0,0.0],"w":[0.0,0.0,0.0],"x":[0.0,0.0,92.73999786376953]}}
{"car":{"boost":false,"boost_left":46,"dodge_dir":[2.3512056226468525e-38,2.3510604481259484e-38],"dodge_timer":-1.0,"double_jumped":false,"handbrake":false,"jump":true,"jump_timer":-1.0,"jumped":true,"o":[0.025402653962373734,0.999677300453186,0.00024355236382689327,-0.9996313452720642,0.0254038218408823,-0.009584139101207256,-0.009587232954800129,-0.0,0.9999540448188782],"on_ground":false,"pitch":0.0,"roll":0.0,"steer":0.0,"supersonic":false,"throttle":0.0,"time":994.037109375,"v":[2.630999803543091,-107.81099700927734,177.52700805664063],"w":[0.0004099999787285924,0.0,0.0],"x":[-618.9556884765625,-2252.4033203125,217.56924438476563],"yaw":0.0},"ball":{"v":[0.0,0.0,0.0],"w":[0.0,0.0,0.0],"x":[0.0,0.0,92.73999786376953]}}
{"car":{"boost":false,"boost_left":46,"dodge_dir":[2.3512056226468525e-38,2.3510604481259484e-38],"dodge_timer":-1.0,"double_jumped":false,"handbrake":false,"jump":true,"jump_timer":-1.0,"jumped":true,"o":[0.025402653962373734,0.999677300453186,0.00024355236382689327,-0.9996313452720642,0.0254038218408823,-0.009584139101207256,-0.009587232954800129,-0.0,0.9999540448188782],"on_ground":false,"pitch":0.0,"roll":0.0,"steer":0.0,"supersonic":false,"throttle":0.0,"time":994.0454711914063,"v":[2.630999803543091,-107.81099700927734,172.09617614746094],"w":[0.0004099999787285924,0.0,0.0],"x":[-618.9356689453125,-2253.304931640625,219.00344848632813],"yaw":0.0},"ball":{"v":[0.0,0.0,0.0],"w":[0.0,0.0,0.0],"x":[0.0,0.0,92.73999786376953]}}
{"car":{"boost":false,"boost_left":46,"dodge_dir":[2.3512056226468525e-38,2.3510604481259484e-38],"dodge_timer":-1.0,"double_jumped":false,"handbrake":false,"jump":true,"jump_timer":-1.0,"jumped":true,"o":[0.025402653962373734,0.999677300453186,0.00024355236382689327,-0.9996313452720642,0.0254038218408823,-0.009584139101207256,-0.009587232954800129,-0.0,0.9999540448188782],"on_ground":false,"pitch":0.0,"roll":0.0,"steer":0.0,"supersonic":false,"throttle":0.0,"time":994.0538330078125,"v":[2.630999803543091,-107.81099700927734,166.66554260253906],"w":[0.0004099999787285924,0.0,0.0],"x":[-618.9155883789063,-2254.206787109375,220.395263671875],"yaw":0.0},"ball":{"v":[0.0,0.0,0.0],"w":[0.0,0.0,0.0],"x":[0.0,0.0,92.73999786376953]}}
{"car":{"boost":false,"boost_left":46,"dodge_dir":[2.3512056226468525e-38,2.3510604481259484e-38],"dodge_timer":-1.0,"double_jumped":false,"handbrake":false,"jump":true,"jump_timer":-1.0,"jumped":true,"o":[0.025402653962373734,0.999677300453186,0.00024355236382689327,-0.9996313452720642,0.0254038218408823,-0.009584139101207256,-0.009587232954800129,-0.0,0.9999540448188782],"on_ground":false,"pitch":0.0,"roll":0.0,"steer":0.0,"supersonic":false,"throttle":0.0,"time":994.070556640625,"v":[2.630999803543091,-107.81099700927734,155.80470275878906],"w":[0.0004099999787285924,0.0,0.0],"x":[-618.8755493164063,-2256.01025390625,223.04042053222656],"yaw":0.0},"ball":{"v":[0.0,0.0,0.0],"w":[0.0,0.0,0.0],"x":[0.0,0.0,92.73999786376953]}}
{"car":{"boost":false,"boost_left":46,"dodge_dir":[2.3512056226468525e-38,2.3510604481259484e-38],"dodge_timer":-1.0,"double_jumped":false,"handbrake":false,"jump":true,"jump_timer":-1.0,"jumped":true,"o":[0.025402653962373734,0.999677300453186,0.00024355236382689327,-0.9996313452720642,0.0254038218408823,-0.009584139101207256,-0.009587232954800129,-0.0,0.9999540448188782],"on_ground":false,"pitch":0.0,"roll":0.0,"steer":0.0,"supersonic":false,"throttle":0.0,"time":994.0789184570313,"v":[2.630999803543091,-107.81099700927734,150.37428283691406],"w":[0.0004099999787285924,0.0,0.0],"x":[-618.85546875,-2256.911865234375,224.2938690185547],"yaw":0.0},"ball":{"v":[0.0,0.0,0.0],"w":[0.0,0.0,0.0],"x":[0.0,0.0,92.73999786376953]}}
{"car":{"boost":false,"boost_left":46,"dodge_dir":[2.3512056226468525e-38,2.3510604481259484e-38],"dodge_timer":-1.0,"double_jumped":false,"handbrake":false,"jump":true,"jump_timer":-1.0,"jumped":true,"o":[0.025402653962373734,0.999677300453186,0.00024355236382689327,-0.9996313452720642,0.0254038218408823,-0.009584139101207256,-0.009587232954800129,-0.0,0.9999540448188782],"on_ground":false,"pitch":0.0,"roll":0.0,"steer":0.0,"supersonic":false,"throttle":0.0,"time":994.0873413085938,"v":[2.630999803543091,-107.81099700927734,144.94406127929688],"w":[0.0004099999787285924,0.0,0.0],"x":[-618.83544921875,-2257.813720703125,225.50485229492188],"yaw":0.0},"ball":{"v":[0.0,0.0,0.0],"w":[0.0,0.0,0.0],"x":[0.0,0.0,92.73999786376953]}}
{"car":{"boost":false,"boost_left":46,"dodge_dir":[2.3512056226468525e-38,2.3510604481259484e-38],"dodge_timer":-1.0,"double_jumped":false,"handbrake":false,"jump":true,"jump_timer":-1.0,"jumped":true,"o":[0.025402653962373734,0.999677300453186,0.00024355236382689327,-0.9996313452720642,0.0254038218408823,-0.009584139101207256,-0.009587232954800129,-0.0,0.9999540448188782],"on_ground":false,"pitch":0.0,"roll":0.0,"steer":0.0,"supersonic":false,"throttle":0.0,"time":994.1041259765625,"v":[2.630999803543091,-107.81099700927734,133.9973602294922],"w":[0.0004099999787285924,0.0,0.0],"x":[-618.7950439453125,-2259.63134765625,227.8057403564453],"yaw":0.0},"ball":{"v":[0.0,0.0,0.0],"w":[0.0,0.0,0.0],"x":[0.0,0.0,92.73999786376953]}}
{"car":{"boost":false,"boost_left":46,"dodge_dir":[2.3512056226468525e-38,2.3510604481259484e-38],"dodge_timer":-1.0,"double_jumped":false,"handbrake":false,"jump":true,"jump_timer":-1.0,"jumped":true,"o":[0.025402653962373734,0.999677300453186,0.00024355236382689327,-0.9996313452720642,0.0254038218408823,-0.009584139101207256,-0.009587232954800129,-0.0,0.9999540448188782],"on_ground":false,"pitch":0.0,"roll":0.0,"steer":0.0,"supersonic":false,"throttle":0.0,"time":994.1124877929688,"v":[2.630999803543091,-107.81099700927734,128.5669403076172],"w":[0.0004099999787285924,0.0,0.0],"x":[-618.7750244140625,-2260.533203125,228.87789916992188],"yaw":0.0},"ball":{"v":[0.0,0.0,0.0],"w":[0.0,0.0,0.0],"x":[0.0,0.0,92.73999786376953]}}
{"car":{"boost":false,"boost_left":46,"dodge_dir":[2.3512056226468525e-38,2.3510604481259484e-38],"dodge_timer":-1.0,"double_jumped":false,"handbrake":false,"jump":true,"jump_timer":-1.0,"jumped":true,"o":[0.025402653962373734,0.999677300453186,0.00024355236382689327,-0.9996313452720642,0.0254038218408823,-0.009584139101207256,-0.009587232954800129,-0.0,0.9999540448188782],"on_ground":false,"pitch":0.0,"roll":0.0,"steer":0.0,"supersonic":false,"throttle":0.0,"time":994.1292724609375,"v":[2.630999803543091,-107.81099700927734,117.66505432128906],"w":[0.0004099999787285924,0.0,0.0],"x":[-618.7348022460938,-2262.34326171875,230.89642333984375],"yaw":0.0},"ball":{"v":[0.0,0.0,0.0],"w":[0.0,0.0,0.0],"x":[0.0,0.0,92.73999786376953]}}
{"car":{"boost":false,"boost_left":46,"dodge_dir":[2.3512056226468525e-38,2.3510604481259484e-38],"dodge_timer":-1.0,"double_jumped":false,"handbrake":false,"jump":true,"jump_timer":-1.0,"jumped":true,"o":[0.025402653962373734,0.999677300453186,0.00024355236382689327,-0.9996313452720642,0.0254038218408823,-0.009584139101207256,-0.009587232954800129,-0.0,0.9999540448188782],"on_ground":false,"pitch":0.0,"roll":0.0,"steer":0.0,"supersonic":false,"throttle":0.0,"time":994.1376342773438,"v":[2.630999803543091,-107.81099700927734,112.23462677001953],"w":[0.0004099999787285924,0.0,0.0],"x":[-618.7147827148438,-2263.2451171875,231.83518981933594],"yaw":0.0},"ball":{"v":[0.0,0.0,0.0],"w":[0.0,0.0,0.0],"x":[0.0,0.0,92.73999786376953]}}
{"car":{"boost":false,"boost_left":46,"dodge_dir":[2.3512056226468525e-38,2.3510604481259484e-38],"dodge_timer":-1.0,"double_jumped":false,"handbrake":false,"jump":true,"jump_timer":-1.0,"jumped":true,"o":[0.025402653962373734,0.999677300453186,0.00024355236382689327,-0.9996313452720642,0.0254038218408823,-0.009584139101207256,-0.009587232954800129,-0.0,0.9999540448188782],"on_ground":false,"pitch":0.0,"roll":0.0,"steer":0.0,"supersonic":false,"throttle":0.0,"time":994.1543579101563,"v":[2.630999803543091,-107.81099700927734,101.3657455444336],"w":[0.0004099999787285924,0.0,0.0],"x":[-618.6746826171875,-2265.050048828125,233.57598876953125],"yaw":0.0},"ball":{"v":[0.0,0.0,0.0],"w":[0.0,0.0,0.0],"x":[0.0,0.0,92.73999786376953]}}
