{"car":{"boost":false,"boost_left":63,"dodge_dir":[2.3512056226468525e-38,2.3510604481259484e-38],"dodge_timer":-1.0,"double_jumped":false,"handbrake":false,"jump":true,"jump_timer":-1.0,"jumped":true,"o":[0.949664831161499,-0.3131354749202728,0.0091050760820508,0.31312108039855957,0.9497084617614746,0.00300210271961987,-0.009587232954800129,-0.0,0.9999540448188782],"on_ground":false,"pitch":0.0,"roll":0.0,"steer":0.0,"supersonic":false,"throttle":0.0,"time":973.6619873046875,"v":[2.07099986076355,0.5709999799728394,425.2559509277344],"w":[-0.00030999997397884727,0.0004099999787285924,0.0],"x":[-1539.816162109375,810.219970703125,104.20608520507813],"yaw":0.0},"ball":{"v":[0.0,0.0,0.0],"w":[0.0,0.0,0.0],"x":[0.0,0.0,92.73999786376953]}}
{"car":{"boost":false,"boost_left":63,"dodge_dir":[2.3512056226468525e-38,2.3510604481259484e-38],"dodge_timer":-1.0,"double_jumped":false,"handbrake":false,"jump":true,"jump_timer":-1.0,"jumped":true,"o":[0.949664831161499,-0.3131354749202728,0.0091050760820508,0.31312108039855957,0.9497084617614746,0.00300210271961987,-0.009587232954800129,-0.0,0.9999540448188782],"on_ground":false,"pitch":0.0,"roll":0.0,"steer":0.0,"supersonic":false,"throttle":0.0,"time":973.67041015625,"v":[2.07099986076355,0.5709999799728394,419.8303527832031],"w":[-0.00030999997397884727,0.0004099999787285924,0.0],"x":[-1539.796142578125,810.219970703125,107.705322265625],"yaw":0.0},"ball":{"v":[0.0,0.0,0.0],"w":[0.0,0.0,0.0],"x":[0.0,0.0,92.73999786376953]}}
{"car":{"boost":false,"boost_left":63,"dodge_dir":[2.3512056226468525e-38,2.3510604481259484e-38],"dodge_timer":-1.0,"double_jumped":false,"handbrake":false,"jump":true,"jump_timer":-1.0,"jumped":true,"o":[0.949664831161499,-0.3131354749202728,0.0091050760820508,0.31312108039855957,0.9497084617614746,0.00300210271961987,-0.009587232954800129,-0.0,0.9999540448188782],"on_ground":false,"pitch":0.0,"roll":0.0,"steer":0.0,"supersonic":false,"throttle":0.0,"time":973.6787719726563,"v":[2.07099986076355,0.5709999799728394,414.3649597167969],"w":[-0.00030999997397884727,0.0004099999787285924,0.0],"x":[-1539.7760009765625,810.219970703125,111.18660736083984],"yaw":0.0},"ball":{"v":[0.0,0.0,0.0],"w":[0.0,0.0,0.0],"x":[0.0,0.0,92.73999786376953]}}
{"car":{"boost":false,"boost_left":63,"dodge_dir":[2.3512056226468525e-38,2.3510604481259484e-38],"dodge_timer":-1.0,"double_jumped":false,"handbrake":false,"jump":true,"jump_timer":-1.0,"jumped":true,"o":[0.949664831161499,-0.3131354749202728,0.0091050760820508,0.31312108039855957,0.9497084617614746,0.00300210271961987,-0.009587232954800129,-0.0,0.9999540448188782],"on_ground":false,"pitch":0.0,"roll":0.0,"steer":0.0,"supersonic":false,"throttle":0.0,"time":973.6871337890625,"v":[2.07099986076355,0.5709999799728394,408.91943359375],"w":[-0.00030999997397884727,0.0004099999787285924,0.0],"x":[-1539.7559814453125,810.219970703125,114.60771942138672],"yaw":0.0},"ball":{"v":[0.0,0.0,0.0],"w":[0.0,0.0,0.0],"x":[0.0,0.0,92.73999786376953]}}
{"car":{"boost":false,"boost_left":63,"dodge_dir":[2.3512056226468525e-38,2.3510604481259484e-38],"dodge_timer":-1.0,"double_jumped":false,"handbrake":false,"jump":true,"jump_timer":-1.0,"jumped":true,"o":[0.949664831161499,-0.3131354749202728,0.0091050760820508,0.31312108039855957,0.9497084617614746,0.00300210271961987,-0.009587232954800129,-0.0,0.9999540448188782],"on_ground":false,"pitch":0.0,"roll":0.0,"steer":0.0,"supersonic":false,"throttle":0.0,"time":973.6954956054688,"v":[2.07099986076355,0.5709999799728394,403.4673156738281],"w":[-0.00030999997397884727,0.0004099999787285924,0.0],"x":[-1539.73583984375,810.219970703125,117.98953247070313],"yaw":0.0},"ball":{"v":[0.0,0.0,0.0],"w":[0.0,0.0,0.0],"x":[0.0,0.0,92.73999786376953]}}
{"car":{"boost":false,"boost_left":63,"dodge_dir":[2.3512056226468525e-38,2.3510604481259484e-38],"dodge_timer":-1.0,"double_jumped":false,"handbrake":false,"jump":true,"jump_timer":-1.0,"jumped":true,"o":[0.949664831161499,-0.3131354749202728,0.0091050760820508,0.31312108039855957,0.9497084617614746,0.00300210271961987,-0.009587232954800129,-0.0,0.9999540448188782],"on_ground":false,"pitch":0.0,"roll":0.0,"steer":0.0,"supersonic":false,"throttle":0.0,"time":973.703857421875,"v":[2.07099986076355,0.5709999799728394,398.03387451171875],"w":[-0.00030999997397884727,0.0004099999787285924,0.0],"x":[-1539.7158203125,810.219970703125,121.31234741210938],"yaw":0.0},"ball":{"v":[0.0,0.0,0.0],"w":[0.0,0.0,0.0],"x":[0.0,0.0,92.73999786376953]}}
{"car":{"boost":false,"boost_left":63,"dodge_dir":[2.3512056226468525e-38,2.3510604481259484e-38],"dodge_timer":-1.0,"double_jumped":false,"handbrake":false,"jump":true,"jump_timer":-1.0,"jumped":true,"o":[0.949664831161499,-0.3131354749202728,0.0091050760820508,0.31312108039855957,0.9497084617614746,0.00300210271961987,-0.009587232954800129,-0.0,0.9999540448188782],"on_ground":false,"pitch":0.0,"roll":0.0,"steer":0.0,"supersonic":false,"throttle":0.0,"time":973.7122192382813,"v":[2.07099986076355,0.5709999799728394,392.5815124511719],"w":[-0.00030999997397884727,0.0004099999787285924,0.0],"x":[-1539.6956787109375,810.219970703125,124.60340881347656],"yaw":0.0},"ball":{"v":[0.0,0.0,0.0],"w":[0.0,0.0,0.0],"x":[0.0,0.0,92.73999786376953]}}
{"car":{"boost":false,"boost_left":63,"dodge_dir":[2.3512056226468525e-38,2.3510604481259484e-38],"dodge_timer":-1.0,"double_jumped":false,"handbrake":false,"jump":true,"jump_timer":-1.0,"jumped":true,"o":[0.949664831161499,-0.3131354749202728,0.0091050760820508,0.31312108039855957,0.9497084617614746,0.00300210271961987,-0.009587232954800129,-0.0,0.9999540448188782],"on_ground":false,"pitch":0.0,"roll":0.0,"steer":0.0,"supersonic":false,"throttle":0.0,"time":973.7205810546875,"v":[2.07099986076355,0.5709999799728394,387.13922119140625],"w":[-0.00030999997397884727,0.0004099999787285924,0.0],"x":[-1539.675537109375,810.219970703125,127.8408203125],"yaw":0.0},"ball":{"v":[0.0,0.0,0.0],"w":[0.0,0.0,0.0],"x":[0.0,0.0,92.73999786376953]}}
{"car":{"boost":false,"boost_left":63,"dodge_dir":[2.3512056226468525e-38,2.3510604481259484e-38],"dodge_timer":-1.0,"double_jumped":false,"handbrake":false,"jump":true,"jump_timer":-1.0,"jumped":true,"o":[0.949664831161499,-0.3131354749202728,0.0091050760820508,0.31312108039855957,0.9497084617614746,0.00300210271961987,-0.009587232954800129,-0.0,0.9999540448188782],"on_ground":false,"pitch":0.0,"roll":0.0,"steer":0.0,"supersonic":false,"throttle":0.0,"time":973.7289428710938,"v":[2.07099986076355,0.5709999799728394,381.699951171875],"w":[-0.00030999997397884727,0.0004099999787285924,0.0],"x":[-1539.655517578125,810.219970703125,131.03329467773438],"yaw":0.0},"ball":{"v":[0.0,0.0,0.0],"w":[0.0,0.0,0.0],"x":[0.0,0.0,92.73999786376953]}}
{"car":{"boost":false,"boost_left":63,"dodge_dir":[2.3512056226468525e-38,2.3510604481259484e-38],"dodge_timer":-1.0,"double_jumped":false,"handbrake":false,"jump":true,"jump_timer":-1.0,"jumped":true,"o":[0.949664831161499,-0.3131354749202728,0.0091050760820508,0.31312108039855957,0.9497084617614746,0.00300210271961987,-0.009587232954800129,-0.0,0.9999540448188782],"on_ground":false,"pitch":0.0,"roll":0.0,"steer":0.0,"supersonic":false,"throttle":0.0,"time":973.7374877929688,"v":[2.07099986076355,0.5709999799728394,376.2512512207031],"w":[-0.00030999997397884727,0.0004099999787285924,0.0],"x":[-1539.6353759765625,810.219970703125,134.18365478515625],"yaw":0.0},"ball":{"v":[0.0,0.0,0.0],"w":[0.0,0.0,0.0],"x":[0.0,0.0,92.73999786376953]}}
{"car":{"boost":false,"boost_left":63,"dodge_dir":[2.3512056226468525e-38,2.3510604481259484e-38],"dodge_timer":-1.0,"double_jumped":false,"handbrake":false,"jump":true,"jump_timer":-1.0,"jumped":true,"o":[0.949664831161499,-0.3131354749202728,0.0091050760820508,0.31312108039855957,0.9497084617614746,0.00300210271961987,-0.009587232954800129,-0.0,0.9999540448188782],"on_ground":false,"pitch":0.0,"roll":0.0,"steer":0.0,"supersonic":false,"throttle":0.0,"time":973.745849609375,"v":[2.07099986076355,0.5709999799728394,370.71160888671875],"w":[-0.00030999997397884727,0.0004099999787285924,0.0],"x":[-1539.614990234375,810.219970703125,137.3424835205078],"yaw":0.0},"ball":{"v":[0.0,0.0,0.0],"w":[0.0,0.0,0.0],"x":[0.0,0.0,92.73999786376953]}}
{"car":{"boost":false,"boost_left":63,"dodge_dir":[2.3512056226468525e-38,2.3510604481259484e-38],"dodge_timer":-1.0,"double_jumped":false,"handbrake":false,"jump":true,"jump_timer":-1.0,"jumped":true,"o":[0.949664831161499,-0.3131354749202728,0.0091050760820508,0.31312108039855957,0.9497084617614746,0.00300210271961987,-0.009587232954800129,-0.0,0.9999540448188782],"on_ground":false,"pitch":0.0,"roll":0.0,"steer":0.0,"supersonic":false,"throttle":0.0,"time":973.7542114257813,"v":[2.07099986076355,0.5709999799728394,365.2866516113281],"w":[-0.00030999997397884727,0.0004099999787285924,0.0],"x":[-1539.594970703125,810.219970703125,140.3877410888672],"yaw":0.0},"ball":{"v":[0.0,0.0,0.0],"w":[0.0,0.0,0.0],"x":[0.0,0.0,92.73999786376953]}}
{"car":{"boost":false,"boost_left":63,"dodge_dir":[2.3512056226468525e-38,2.3510604481259484e-38],"dodge_timer":-1.0,"double_jumped":false,"handbrake":false,"jump":true,"jump_timer":-1.0,"jumped":true,"o":[0.949664831161499,-0.3131354749202728,0.0091050760820508,0.31312108039855957,0.9497084617614746,0.00300210271961987,-0.009587232954800129,-0.0,0.9999540448188782],"on_ground":false,"pitch":0.0,"roll":0.0,"steer":0.0,"supersonic":false,"throttle":0.0,"time":973.7625732421875,"v":[2.07099986076355,0.5709999799728394,359.8618469238281],"w":[-0.00030999997397884727,0.0004099999787285924,0.0],"x":[-1539.574951171875,810.219970703125,143.3903045654297],"yaw":0.0},"ball":{"v":[0.0,0.0,0.0],"w":[0.0,0.0,0.0],"x":[0.0,0.0,92.73999786376953]}}
{"car":{"boost":false,"boost_left":63,"dodge_dir":[2.3512056226468525e-38,2.3510604481259484e-38],"dodge_timer":-1.0,"double_jumped":false,"handbrake":false,"jump":true,"jump_timer":-1.0,"jumped":true,"o":[0.949664831161499,-0.3131354749202728,0.0091050760820508,0.31312108039855957,0.9497084617614746,0.00300210271961987,-0.009587232954800129,-0.0,0.9999540448188782],"on_ground":false,"pitch":0.0,"roll":0.0,"steer":0.0,"supersonic":false,"throttle":0.0,"time":973.7709350585938,"v":[2.07099986076355,0.5709999799728394,354.4370422363281],"w":[-0.00030999997397884727,0.0004099999787285924,0.0],"x":[-1539.5548095703125,810.219970703125,146.34527587890625],"yaw":0.0},"ball":{"v":[0.0,0.0,0.0],"w":[0.0,0.0,0.0],"x":[0.0,0.0,92.73999786376953]}}
{"car":{"boost":false,"boost_left":63,"dodge_dir":[2.3512056226468525e-38,2.3510604481259484e-38],"dodge_timer":-1.0,"double_jumped":false,"handbrake":false,"jump":true,"jump_timer":-1.0,"jumped":true,"o":[0.949664831161499,-0.3131354749202728,0.0091050760820508,0.31312108039855957,0.9497084617614746,0.00300210271961987,-0.009587232954800129,-0.0,0.9999540448188782],"on_ground":false,"pitch":0.0,"roll":0.0,"steer":0.0,"supersonic":false,"throttle":0.0,"time":973.779296875,"v":[2.07099986076355,0.5709999799728394,349.01226806640625],"w":[-0.00030999997397884727,0.0004099999787285924,0.0],"x":[-1539.5347900390625,810.219970703125,149.25770568847656],"yaw":0.0},"ball":{"v":[0.0,0.0,0.0],"w":[0.0,0.0,0.0],"x":[0.0,0.0,92.73999786376953]}}
{"car":{"boost":false,"boost_left":63,"dodge_dir":[2.3512056226468525e-38,2.3510604481259484e-38],"dodge_timer":-1.0,"double_jumped":false,"handbrake":false,"jump":true,"jump_timer":-1.0,"jumped":true,"o":[0.949664831161499,-0.3131354749202728,0.0091050760820508,0.31312108039855957,0.9497084617614746,0.00300210271961987,-0.009587232954800129,-0.0,0.9999540448188782],"on_ground":false,"pitch":0.0,"roll":0.0,"steer":0.0,"supersonic":false,"throttle":0.0,"time":973.7877197265625,"v":[2.07099986076355,0.5709999799728394,343.5783996582031],"w":[-0.00030999997397884727,0.0004099999787285924,0.0],"x":[-1539.514892578125,810.219970703125,152.12725830078125],"yaw":0.0},"ball":{"v":[0.0,0.0,0.0],"w":[0.0,0.0,0.0],"x":[0.0,0.0,92.73999786376953]}}
{"car":{"boost":false,"boost_left":63,"dodge_dir":[2.3512056226468525e-38,2.3510604481259484e-38],"dodge_timer":-1.0,"double_jumped":false,"handbrake":false,"jump":true,"jump_timer":-1.0,"jumped":true,"o":[0.949664831161499,-0.3131354749202728,0.0091050760820508,0.31312108039855957,0.9497084617614746,0.00300210271961987,-0.009587232954800129,-0.0,0.9999540448188782],"on_ground":false,"pitch":0.0,"roll":0.0,"steer":0.0,"supersonic":false,"throttle":0.0,"time":973.7960815429688,"v":[2.07099986076355,0.5709999799728394,338.1131896972656],"w":[-0.00030999997397884727,0.0004099999787285924,0.0],"x":[-1539.49462890625,810.219970703125,154.9704132080078],"yaw":0.0},"ball":{"v":[0.0,0.0,0.0],"w":[0.0,0.0,0.0],"x":[0.0,0.0,92.73999786376953]}}
{"car":{"boost":false,"boost_left":63,"dodge_dir":[2.3512056226468525e-38,2.3510604481259484e-38],"dodge_timer":-1.0,"double_jumped":false,"handbrake":false,"jump":true,"jump_timer":-1.0,"jumped":true,"o":[0.949664831161499,-0.3131354749202728,0.0091050760820508,0.31312108039855957,0.9497084617614746,0.00300210271961987,-0.009587232954800129,-0.0,0.9999540448188782],"on_ground":false,"pitch":0.0,"roll":0.0,"steer":0.0,"supersonic":false,"throttle":0.0,"time":973.8045043945313,"v":[2.07099986076355,0.5709999799728394,332.67913818359375],"w":[-0.00030999997397884727,0.0004099999787285924,0.0],"x":[-1539.474609375,810.219970703125,157.7493133544922],"yaw":0.0},"ball":{"v":[0.0,0.0,0.0],"w":[0.0,0.0,0.0],"x":[0.0,0.0,92.73999786376953]}}
{"car":{"boost":false,"boost_left":63,"dodge_dir":[2.3512056226468525e-38,2.3510604481259484e-38],"dodge_timer":-1.0,"double_jumped":false,"handbrake":false,"jump":true,"jump_timer":-1.0,"jumped":true,"o":[0.949664831161499,-0.3131354749202728,0.0091050760820508,0.31312108039855957,0.9497084617614746,0.00300210271961987,-0.009587232954800129,-0.0,0.9999540448188782],"on_ground":false,"pitch":0.0,"roll":0.0,"steer":0.0,"supersonic":false,"throttle":0.0,"time":973.8128662109375,"v":[2.07099986076355,0.5709999799728394,327.2183837890625],"w":[-0.00030999997397884727,0.0004099999787285924,0.0],"x":[-1539.4544677734375,810.219970703125,160.4990692138672],"yaw":0.0},"ball":{"v":[0.0,0.0,0.0],"w":[0.0,0.0,0.0],"x":[0.0,0.0,92.73999786376953]}}
{"car":{"boost":false,"boost_left":63,"dodge_dir":[2.3512056226468525e-38,2.3510604481259484e-38],"dodge_timer":-1.0,"double_jumped":false,"handbrake":false,"jump":true,"jump_timer":-1.0,"jumped":true,"o":[0.949664831161499,-0.3131354749202728,0.0091050760820508,0.31312108039855957,0.9497084617614746,0.00300210271961987,-0.009587232954800129,-0.0,0.9999540448188782],"on_ground":false,"pitch":0.0,"roll":0.0,"steer":0.0,"supersonic":false,"throttle":0.0,"time":973.8212280273438,"v":[2.07099986076355,0.5709999799728394,321.7931823730469],"w":[-0.00030999997397884727,0.0004099999787285924,0.0],"x":[-1539.4344482421875,810.219970703125,163.182861328125],"yaw":0.0},"ball":{"v":[0.0,0.0,0.0],"w":[0.0,0.0,0.0],"x":[0.0,0.0,92.73999786376953]}}
{"car":{"boost":false,"boost_left":63,"dodge_dir":[2.3512056226468525e-38,2.3510604481259484e-38],"dodge_timer":-1.0,"double_jumped":false,"handbrake":false,"jump":true,"jump_timer":-1.0,"jumped":true,"o":[0.949664831161499,-0.3131354749202728,0.0091050760820508,0.31312108039855957,0.9497084617614746,0.00300210271961987,-0.009587232954800129,-0.0,0.9999540448188782],"on_ground":false,"pitch":0.0,"roll":0.0,"steer":0.0,"supersonic":false,"throttle":0.0,"time":973.82958984375,"v":[2.07099986076355,0.5709999799728394,316.3525085449219],"w":[-0.00030999997397884727,0.0004099999787285924,0.0],"x":[-1539.414306640625,810.219970703125,165.8318328857422],"yaw":0.0},"ball":{"v":[0.0,0.0,0.0],"w":[0.0,0.0,0.0],"x":[0.0,0.0,92.73999786376953]}}
{"car":{"boost":false,"boost_left":63,"dodge_dir":[2.3512056226468525e-38,2.3510604481259484e-38],"dodge_timer":-1.0,"double_jumped":false,"handbrake":false,"jump":true,"jump_timer":-1.0,"jumped":true,"o":[0.949664831161499,-0.3131354749202728,0.0091050760820508,0.31312108039855957,0.9497084617614746,0.00300210271961987,-0.009587232954800129,-0.0,0.9999540448188782],"on_ground":false,"pitch":0.0,"roll":0.0,"steer":0.0,"supersonic":false,"throttle":0.0,"time":973.8379516601563,"v":[2.07099986076355,0.5709999799728394,310.9078063964844],"w":[-0.00030999997397884727,0.0004099999787285924,0.0],"x":[-1539.394287109375,810.219970703125,168.43458557128906],"yaw":0.0},"ball":{"v":[0.0,0.0,0.0],"w":[0.0,0.0,0.0],"x":[0.0,0.0,92.73999786376953]}}
{"car":{"boost":false,"boost_left":63,"dodge_dir":[2.3512056226468525e-38,2.3510604481259484e-38],"dodge_timer":-1.0,"double_jumped":false,"handbrake":false,"jump":true,"jump_timer":-1.0,"jumped":true,"o":[0.949664831161499,-0.3131354749202728,0.0091050760820508,0.31312108039855957,0.9497084617614746,0.00300210271961987,-0.009587232954800129,-0.0,0.9999540448188782],"on_ground":false,"pitch":0.0,"roll":0.0,"steer":0.0,"supersonic":false,"throttle":0.0,"time":973.846435546875,"v":[2.07099986076355,0.5709999799728394,305.4683532714844],"w":[-0.00030999997397884727,0.0004099999787285924,0.0],"x":[-1539.374267578125,810.219970703125,170.99232482910156],"yaw":0.0},"ball":{"v":[0.0,0.0,0.0],"w":[0.0,0.0,0.0],"x":[0.0,0.0,92.73999786376953]}}
{"car":{"boost":false,"boost_left":63,"dodge_dir":[2.3512056226468525e-38,2.3510604481259484e-38],"dodge_timer":-1.0,"double_jumped":false,"handbrake":false,"jump":true,"jump_timer":-1.0,"jumped":true,"o":[0.949664831161499,-0.3131354749202728,0.0091050760820508,0.31312108039855957,0.9497084617614746,0.00300210271961987,-0.009587232954800129,-0.0,0.9999540448188782],"on_ground":false,"pitch":0.0,"roll":0.0,"steer":0.0,"supersonic":false,"throttle":0.0,"time":973.8547973632813,"v":[2.07099986076355,0.5709999799728394,299.9429931640625],"w":[-0.00030999997397884727,0.0004099999787285924,0.0],"x":[-1539.3538818359375,810.219970703125,173.54129028320313],"yaw":0.0},"ball":{"v":[0.0,0.0,0.0],"w":[0.0,0.0,0.0],"x":[0.0,0.0,92.73999786376953]}}
{"car":{"boost":false,"boost_left":63,"dodge_dir":[2.3512056226468525e-38,2.3510604481259484e-38],"dodge_timer":-1.0,"double_jumped":false,"handbrake":false,"jump":true,"jump_timer":-1.0,"jumped":true,"o":[0.949664831161499,-0.3131354749202728,0.0091050760820508,0.31312108039855957,0.9497084617614746,0.00300210271961987,-0.009587232954800129,-0.0,0.9999540448188782],"on_ground":false,"pitch":0.0,"roll":0.0,"steer":0.0,"supersonic":false,"throttle":0.0,"time":973.8631591796875,"v":[2.07099986076355,0.5709999799728394,294.517578125],"w":[-0.00030999997397884727,0.0004099999787285924,0.0],"x":[-1539.333740234375,810.219970703125,176.00143432617188],"yaw":0.0},"ball":{"v":[0.0,0.0,0.0],"w":[0.0,0.0,0.0],"x":[0.0,0.0,92.73999786376953]}}
{"car":{"boost":false,"boost_left":63,"dodge_dir":[2.3512056226468525e-38,2.3510604481259484e-38],"dodge_timer":-1.0,"double_jumped":false,"handbrake":false,"jump":true,"jump_timer":-1.0,"jumped":true,"o":[0.949664831161499,-0.3131354749202728,0.0091050760820508,0.31312108039855957,0.9497084617614746,0.00300210271961987,-0.009587232954800129,-0.0,0.9999540448188782],"on_ground":false,"pitch":0.0,"roll":0.0,"steer":0.0,"supersonic":false,"throttle":0.0,"time":973.8715209960938,"v":[2.07099986076355,0.5709999799728394,289.0907897949219],"w":[-0.00030999997397884727,0.0004099999787285924,0.0],"x":[-1539.313720703125,810.219970703125,178.41400146484375],"yaw":0.0},"ball":{"v":[0.0,0.0,0.0],"w":[0.0,0.0,0.0],"x":[0.0,0.0,92.73999786376953]}}
{"car":{"boost":false,"boost_left":63,"dodge_dir":[2.3512056226468525e-38,2.3510604481259484e-38],"dodge_timer":-1.0,"double_jumped":false,"handbrake":false,"jump":true,"jump_timer":-1.0,"jumped":true,"o":[0.949664831161499,-0.3131354749202728,0.0091050760820508,0.31312108039855957,0.9497084617614746,0.00300210271961987,-0.009587232954800129,-0.0,0.9999540448188782],"on_ground":false,"pitch":0.0,"roll":0.0,"steer":0.0,"supersonic":false,"throttle":0.0,"time":973.8798828125,"v":[2.07099986076355,0.5709999799728394,283.6501159667969],"w":[-0.00030999997397884727,0.0004099999787285924,0.0],"x":[-1539.293701171875,810.219970703125,180.7906036376953],"yaw":0.0},"ball":{"v":[0.0,0.0,0.0],"w":[0.0,0.0,0.0],"x":[0.0,0.0,92.73999786376953]}}
{"car":{"boost":false,"boost_left":63,"dodge_dir":[2.3512056226468525e-38,2.3510604481259484e-38],"dodge_timer":-1.0,"double_jumped":false,"handbrake":false,"jump":true,"jump_timer":-1.0,"jumped":true,"o":[0.949664831161499,-0.3131354749202728,0.0091050760820508,0.31312108039855957,0.9497084617614746,0.00300210271961987,-0.009587232954800129,-0.0,0.9999540448188782],"on_ground":false,"pitch":0.0,"roll":0.0,"steer":0.0,"supersonic":false,"throttle":0.0,"time":973.8882446289063,"v":[2.07099986076355,0.5709999799728394,278.20361328125],"w":[-0.00030999997397884727,0.0004099999787285924,0.0],"x":[-1539.273681640625,810.219970703125,183.1212158203125],"yaw":0.0},"ball":{"v":[0.0,0.0,0.0],"w":[0.0,0.0,0.0],"x":[0.0,0.0,92.73999786376953]}}
{"car":{"boost":false,"boost_left":63,"dodge_dir":[2.3512056226468525e-38,2.3510604481259484e-38],"dodge_timer":-1.0,"double_jumped":false,"handbrake":false,"jump":true,"jump_timer":-1.0,"jumped":true,"o":[0.949664831161499,-0.3131354749202728,0.0091050760820508,0.31312108039855957,0.9497084617614746,0.00300210271961987,-0.009587232954800129,-0.0,0.9999540448188782],"on_ground":false,"pitch":0.0,"roll":0.0,"steer":0.0,"supersonic":false,"throttle":0.0,"time":973.8966064453125,"v":[2.07099986076355,0.5709999799728394,272.7579040527344],"w":[-0.00030999997397884727,0.0004099999787285924,0.0],"x":[-1539.2535400390625,810.219970703125,185.4092254638672],"yaw":0.0},"ball":{"v":[0.0,0.0,0.0],"w":[0.0,0.0,0.0],"x":[0.0,0.0,92.73999786376953]}}
{"car":{"boost":false,"boost_left":63,"dodge_dir":[2.3512056226468525e-38,2.3510604481259484e-38],"dodge_timer":-1.0,"double_jumped":false,"handbrake":false,"jump":true,"jump_timer":-1.0,"jumped":true,"o":[0.949664831161499,-0.3131354749202728,0.0091050760820508,0.31312108039855957,0.9497084617614746,0.00300210271961987,-0.009587232954800129,-0.0,0.9999540448188782],"on_ground":false,"pitch":0.0,"roll":0.0,"steer":0.0,"supersonic":false,"throttle":0.0,"time":973.9049682617188,"v":[2.07099986076355,0.5709999799728394,267.3011474609375],"w":[-0.00030999997397884727,0.0004099999787285924,0.0],"x":[-1539.2333984375,810.219970703125,187.6531219482422],"yaw":0.0},"ball":{"v":[0.0,0.0,0.0],"w":[0.0,0.0,0.0],"x":[0.0,0.0,92.73999786376953]}}
{"car":{"boost":false,"boost_left":63,"dodge_dir":[2.3512056226468525e-38,2.3510604481259484e-38],"dodge_timer":-1.0,"double_jumped":false,"handbrake":false,"jump":true,"jump_timer":-1.0,"jumped":true,"o":[0.949664831161499,-0.3131354749202728,0.0091050760820508,0.31312108039855957,0.9497084617614746,0.00300210271961987,-0.009587232954800129,-0.0,0.9999540448188782],"on_ground":false,"pitch":0.0,"roll":0.0,"steer":0.0,"supersonic":false,"throttle":0.0,"time":973.9133911132813,"v":[2.07099986076355,0.5709999799728394,261.8568420410156],"w":[-0.00030999997397884727,0.0004099999787285924,0.0],"x":[-1539.2132568359375,810.219970703125,189.84133911132813],"yaw":0.0},"ball":{"v":[0.0,0.0,0.0],"w":[0.0,0.0,0.0],"x":[0.0,0.0,92.73999786376953]}}
{"car":{"boost":false,"boost_left":63,"dodge_dir":[2.3512056226468525e-38,2.3510604481259484e-38],"dodge_timer":-1.0,"double_jumped":false,"handbrake":false,"jump":true,"jump_timer":-1.0,"jumped":true,"o":[0.949664831161499,-0.3131354749202728,0.0091050760820508,0.31312108039855957,0.9497084617614746,0.00300210271961987,-0.009587232954800129,-0.0,0.9999540448188782],"on_ground":false,"pitch":0.0,"roll":0.0,"steer":0.0,"supersonic":false,"throttle":0.0,"time":973.9217529296875,"v":[2.07099986076355,0.5709999799728394,256.3869934082031],"w":[-0.00030999997397884727,0.0004099999787285924,0.0],"x":[-1539.193115234375,810.219970703125,191.99752807617188],"yaw":0.0},"ball":{"v":[0.0,0.0,0.0],"w":[0.0,0.0,0.0],"x":[0.0,0.0,92.73999786376953]}}
{"car":{"boost":true,"boost_left":63,"dodge_dir":[2.3512056226468525e-38,2.3510604481259484e-38],"dodge_timer":-1.0,"double_jumped":false,"handbrake":false,"jump":true,"jump_timer":-1.0,"jumped":true,"o":[0.949664831161499,-0.3131354749202728,0.0091050760820508,0.31312108039855957,0.9497084617614746,0.00300210271961987,-0.009587232954800129,-0.0,0.9999540448188782],"on_ground":false,"pitch":0.0,"roll":0.0,"steer":0.0,"supersonic":false,"throttle":0.0,"time":973.9301147460938,"v":[2.07099986076355,0.5709999799728394,250.9563751220703],"w":[-0.00030999997397884727,0.0004099999787285924,0.0],"x":[-1539.1729736328125,810.219970703125,194.0894012451172],"yaw":0.0},"ball":{"v":[0.0,0.0,0.0],"w":[0.0,0.0,0.0],"x":[0.0,0.0,92.73999786376953]}}
{"car":{"boost":true,"boost_left":63,"dodge_dir":[2.3512056226468525e-38,2.3510604481259484e-38],"dodge_timer":-1.0,"double_jumped":false,"handbrake":false,"jump":true,"jump_timer":-1.0,"jumped":true,"o":[0.949664831161499,-0.3131354749202728,0.0091050760820508,0.31312108039855957,0.9497084617614746,0.00300210271961987,-0.009587232954800129,-0.0,0.9999540448188782],"on_ground":false,"pitch":0.0,"roll":0.0,"steer":0.0,"supersonic":false,"throttle":0.0,"time":973.9385375976563,"v":[8.73080062866211,2.762618064880371,245.44894409179688],"w":[-0.00030999997397884727,0.0004099999787285924,0.0],"x":[-1539.10205078125,810.2454833984375,196.1428985595703],"yaw":0.0},"ball":{"v":[0.0,0.0,0.0],"w":[0.0,0.0,0.0],"x":[0.0,0.0,92.73999786376953]}}
{"car":{"boost":true,"boost_left":62,"dodge_dir":[2.3512056226468525e-38,2.3510604481259484e-38],"dodge_timer":-1.0,"double_jumped":false,"handbrake":false,"jump":true,"jump_timer":-1.0,"jumped":true,"o":[0.949664831161499,-0.3131354749202728,0.0091050760820508,0.31312108039855957,0.9497084617614746,0.00300210271961987,-0.009587232954800129,-0.0,0.9999540448188782],"on_ground":false,"pitch":0.0,"roll":0.0,"steer":0.0,"supersonic":false,"throttle":0.0,"time":973.9468994140625,"v":[17.11319351196289,5.525917053222656,239.8883819580078],"w":[-0.00030999997397884727,0.0004099999787285924,0.0],"x":[-1538.9608154296875,810.2930297851563,198.162353515625],"yaw":0.0},"ball":{"v":[0.0,0.0,0.0],"w":[0.0,0.0,0.0],"x":[0.0,0.0,92.73999786376953]}}
{"car":{"boost":true,"boost_left":62,"dodge_dir":[2.3512056226468525e-38,2.3510604481259484e-38],"dodge_timer":-1.0,"double_jumped":false,"handbrake":false,"jump":true,"jump_timer":-1.0,"jumped":true,"o":[0.949664831161499,-0.3131354749202728,0.0091050760820508,0.31312108039855957,0.9497084617614746,0.00300210271961987,-0.009587232954800129,-0.0,0.9999540448188782],"on_ground":false,"pitch":0.0,"roll":0.0,"steer":0.0,"supersonic":false,"throttle":0.0,"time":973.955322265625,"v":[25.502395629882813,8.29224967956543,234.37576293945313],"w":[-0.00030999997397884727,0.0004099999787285924,0.0],"x":[-1538.7501220703125,810.3604125976563,200.12240600585938],"yaw":0.0},"ball":{"v":[0.0,0.0,0.0],"w":[0.0,0.0,0.0],"x":[0.0,0.0,92.73999786376953]}}
{"car":{"boost":true,"boost_left":62,"dodge_dir":[2.3512056226468525e-38,2.3510604481259484e-38],"dodge_timer":-1.0,"double_jumped":false,"handbrake":false,"jump":true,"jump_timer":-1.0,"jumped":true,"o":[0.949664831161499,-0.3131354749202728,0.0091050760820508,0.31312108039855957,0.9497084617614746,0.00300210271961987,-0.009587232954800129,-0.0,0.9999540448188782],"on_ground":false,"pitch":0.0,"roll":0.0,"steer":0.0,"supersonic":false,"throttle":0.0,"time":973.9638061523438,"v":[33.95029067993164,11.077934265136719,228.82456970214844],"w":[-0.00030999997397884727,0.0004099999787285924,0.0],"x":[-1538.467041015625,810.4571533203125,202.04693603515625],"yaw":0.0},"ball":{"v":[0.0,0.0,0.0],"w":[0.0,0.0,0.0],"x":[0.0,0.0,92.73999786376953]}}
{"car":{"boost":true,"boost_left":62,"dodge_dir":[2.3512056226468525e-38,2.3510604481259484e-38],"dodge_timer":-1.0,"double_jumped":false,"handbrake":false,"jump":true,"jump_timer":-1.0,"jumped":true,"o":[0.949664831161499,-0.3131354749202728,0.0091050760820508,0.31312108039855957,0.9497084617614746,0.00300210271961987,-0.009587232954800129,-0.0,0.9999540448188782],"on_ground":false,"pitch":0.0,"roll":0.0,"steer":0.0,"supersonic":false,"throttle":0.0,"time":973.97216796875,"v":[42.45967102050781,13.883894920349121,223.2329864501953],"w":[-0.00030999997397884727,0.0004099999787285924,0.0],"x":[-1538.1099853515625,810.5765991210938,203.9430389404297],"yaw":0.0},"ball":{"v":[0.0,0.0,0.0],"w":[0.0,0.0,0.0],"x":[0.0,0.0,92.73999786376953]}}
{"car":{"boost":false,"boost_left":61,"dodge_dir":[2.3512056226468525e-38,2.3510604481259484e-38],"dodge_timer":-1.0,"double_jumped":false,"handbrake":false,"jump":true,"jump_timer":-1.0,"jumped":true,"o":[0.949664831161499,-0.3131354749202728,0.0091050760820508,0.31312108039855957,0.9497084617614746,0.00300210271961987,-0.009587232954800129,-0.0,0.9999540448188782],"on_ground":false,"pitch":0.0,"roll":0.0,"steer":0.0,"supersonic":false,"throttle":0.0,"time":973.9805297851563,"v":[50.83955383300781,16.647153854370117,217.7264862060547],"w":[-0.00030999997397884727,0.0004099999787285924,0.0],"x":[-1537.6873779296875,810.7145385742188,205.76072692871094],"yaw":0.0},"ball":{"v":[0.0,0.0,0.0],"w":[0.0,0.0,0.0],"x":[0.0,0.0,92.73999786376953]}}
{"car":{"boost":false,"boost_left":61,"dodge_dir":[2.3512056226468525e-38,2.3510604481259484e-38],"dodge_timer":-1.0,"double_jumped":false,"handbrake":false,"jump":true,"jump_timer":-1.0,"jumped":true,"o":[0.949664831161499,-0.3131354749202728,0.0091050760820508,0.31312108039855957,0.9497084617614746,0.00300210271961987,-0.009587232954800129,-0.0,0.9999540448188782],"on_ground":false,"pitch":0.0,"roll":0.0,"steer":0.0,"supersonic":false,"throttle":0.0,"time":973.9888916015625,"v":[59.221923828125,19.411231994628906,212.21836853027344],"w":[-0.00030999997397884727,0.0004099999787285924,0.0],"x":[-1537.1943359375,810.87255859375,207.52883911132813],"yaw":0.0},"ball":{"v":[0.0,0.0,0.0],"w":[0.0,0.0,0.0],"x":[0.0,0.0,92.73999786376953]}}
{"car":{"boost":false,"boost_left":61,"dodge_dir":[2.3512056226468525e-38,2.3510604481259484e-38],"dodge_timer":-1.0,"double_jumped":false,"handbrake":false,"jump":true,"jump_timer":-1.0,"jumped":true,"o":[0.949664831161499,-0.3131354749202728,0.0091050760820508,0.31312108039855957,0.9497084617614746,0.00300210271961987,-0.009587232954800129,-0.0,0.9999540448188782],"on_ground":false,"pitch":0.0,"roll":0.0,"steer":0.0,"supersonic":false,"throttle":0.0,"time":973.9972534179688,"v":[67.60118865966797,22.174287796020508,206.7122802734375],"w":[-0.00030999997397884727,0.0004099999787285924,0.0],"x":[-1536.6312255859375,811.0595092773438,209.25509643554688],"yaw":0.0},"ball":{"v":[0.0,0.0,0.0],"w":[0.0,0.0,0.0],"x":[0.0,0.0,92.73999786376953]}}
{"car":{"boost":false,"boost_left":61,"dodge_dir":[2.3512056226468525e-38,2.3510604481259484e-38],"dodge_timer":-1.0,"double_jumped":false,"handbrake":false,"jump":true,"jump_timer":-1.0,"jumped":true,"o":[0.949664831161499,-0.3131354749202728,0.0091050760820508,0.31312108039855957,0.9497084617614746,0.00300210271961987,-0.009587232954800129,-0.0,0.9999540448188782],"on_ground":false,"pitch":0.0,"roll":0.0,"steer":0.0,"supersonic":false,"throttle":0.0,"time":974.005615234375,"v":[76.02236938476563,24.9511661529541,201.1786346435547],"w":[-0.00030999997397884727,0.0004099999787285924,0.0],"x":[-1535.994873046875,811.2686767578125,210.94068908691406],"yaw":0.0},"ball":{"v":[0.0,0.0,0.0],"w":[0.0,0.0,0.0],"x":[0.0,0.0,92.73999786376953]}}
{"car":{"boost":false,"boost_left":60,"dodge_dir":[2.3512056226468525e-38,2.3510604481259484e-38],"dodge_timer":-1.0,"double_jumped":false,"handbrake":false,"jump":true,"jump_timer":-1.0,"jumped":true,"o":[0.949664831161499,-0.3131354749202728,0.0091050760820508,0.31312108039855957,0.9497084617614746,0.00300210271961987,-0.009587232954800129,-0.0,0.9999540448188782],"on_ground":false,"pitch":0.0,"roll":0.0,"steer":0.0,"supersonic":false,"throttle":0.0,"time":974.0139770507813,"v":[84.4019546508789,27.714324951171875,195.67234802246094],"w":[-0.00030999997397884727,0.0004099999787285924,0.0],"x":[-1535.2911376953125,811.4968872070313,212.57659912109375],"yaw":0.0},"ball":{"v":[0.0,0.0,0.0],"w":[0.0,0.0,0.0],"x":[0.0,0.0,92.73999786376953]}}
{"car":{"boost":false,"boost_left":60,"dodge_dir":[2.3512056226468525e-38,2.3510604481259484e-38],"dodge_timer":-1.0,"double_jumped":false,"handbrake":false,"jump":true,"jump_timer":-1.0,"jumped":true,"o":[0.949664831161499,-0.3131354749202728,0.0091050760820508,0.31312108039855957,0.9497084617614746,0.00300210271961987,-0.009587232954800129,-0.0,0.9999540448188782],"on_ground":false,"pitch":0.0,"roll":0.0,"steer":0.0,"supersonic":false,"throttle":0.0,"time":974.0223388671875,"v":[92.78121948242188,30.477380752563477,190.166259765625],"w":[-0.00030999997397884727,0.0004099999787285924,0.0],"x":[-1534.5172119140625,811.7542114257813,214.16336059570313],"yaw":0.0},"ball":{"v":[0.0,0.0,0.0],"w":[0.0,0.0,0.0],"x":[0.0,0.0,92.73999786376953]}}
{"car":{"boost":false,"boost_left":60,"dodge_dir":[2.3512056226468525e-38,2.3510604481259484e-38],"dodge_timer":-1.0,"double_jumped":false,"handbrake":false,"jump":true,"jump_timer":-1.0,"jumped":true,"o":[0.949664831161499,-0.3131354749202728,0.0091050760820508,0.31312108039855957,0.9497084617614746,0.00300210271961987,-0.009587232954800129,-0.0,0.9999540448188782],"on_ground":false,"pitch":0.0,"roll":0.0,"steer":0.0,"supersonic":false,"throttle":0.0,"time":974.0307006835938,"v":[101.16047668457031,33.24043273925781,184.66017150878906],"w":[-0.00030999997397884727,0.0004099999787285924,0.0],"x":[-1533.67333984375,812.0325317382813,215.6999969482422],"yaw":0.0},"ball":{"v":[0.0,0.0,0.0],"w":[0.0,0.0,0.0],"x":[0.0,0.0,92.73999786376953]}}
{"car":{"boost":false,"boost_left":59,"dodge_dir":[2.3512056226468525e-38,2.3510604481259484e-38],"dodge_timer":-1.0,"double_jumped":false,"handbrake":false,"jump":true,"jump_timer":-1.0,"jumped":true,"o":[0.949664831161499,-0.3131354749202728,0.0091050760820508,0.31312108039855957,0.9497084617614746,0.00300210271961987,-0.009587232954800129,-0.0,0.9999540448188782],"on_ground":false,"pitch":0.0,"roll":0.0,"steer":0.0,"supersonic":false,"throttle":0.0,"time":974.0394897460938,"v":[102.45355224609375,33.665489196777344,179.1864776611328],"w":[-0.00030999997397884727,0.0004099999787285924,0.0],"x":[-1532.8175048828125,812.3143920898438,217.20404052734375],"yaw":0.0},"ball":{"v":[0.0,0.0,0.0],"w":[0.0,0.0,0.0],"x":[0.0,0.0,92.73999786376953]}}
{"car":{"boost":false,"boost_left":59,"dodge_dir":[2.3512056226468525e-38,2.3510604481259484e-38],"dodge_timer":-1.0,"double_jumped":false,"handbrake":false,"jump":true,"jump_timer":-1.0,"jumped":true,"o":[0.949664831161499,-0.3131354749202728,0.0091050760820508,0.31312108039855957,0.9497084617614746,0.00300210271961987,-0.009587232954800129,-0.0,0.9999540448188782],"on_ground":false,"pitch":0.0,"roll":0.0,"steer":0.0,"supersonic":false,"throttle":0.0,"time":974.0478515625,"v":[102.5009994506836,33.680999755859375,173.48385620117188],"w":[-0.00030999997397884727,0.0004099999787285924,0.0],"x":[-1531.92333984375,812.6090087890625,218.72344970703125],"yaw":0.0},"ball":{"v":[0.0,0.0,0.0],"w":[0.0,0.0,0.0],"x":[0.0,0.0,92.73999786376953]}}
{"car":{"boost":false,"boost_left":59,"dodge_dir":[2.3512056226468525e-38,2.3510604481259484e-38],"dodge_timer":-1.0,"double_jumped":false,"handbrake":false,"jump":true,"jump_timer":-1.0,"jumped":true,"o":[0.949664831161499,-0.3131354749202728,0.0091050760820508,0.31312108039855957,0.9497084617614746,0.00300210271961987,-0.009587232954800129,-0.0,0.9999540448188782],"on_ground":false,"pitch":0.0,"roll":0.0,"steer":0.0,"supersonic":false,"throttle":0.0,"time":974.0562133789063,"v":[102.5009994506836,33.680999755859375,168.057861328125],"w":[-0.00030999997397884727,0.0004099999787285924,0.0],"x":[-1531.0723876953125,812.8892822265625,220.12655639648438],"yaw":0.0},"ball":{"v":[0.0,0.0,0.0],"w":[0.0,0.0,0.0],"x":[0.0,0.0,92.73999786376953]}}
{"car":{"boost":false,"boost_left":59,"dodge_dir":[2.3512056226468525e-38,2.3510604481259484e-38],"dodge_timer":-1.0,"double_jumped":false,"handbrake":false,"jump":true,"jump_timer":-1.0,"jumped":true,"o":[0.949664831161499,-0.3131354749202728,0.0091050760820508,0.31312108039855957,0.9497084617614746,0.00300210271961987,-0.009587232954800129,-0.0,0.9999540448188782],"on_ground":false,"pitch":0.0,"roll":0.0,"steer":0.0,"supersonic":false,"throttle":0.0,"time":974.0645751953125,"v":[102.5009994506836,33.680999755859375,162.63267517089844],"w":[-0.00030999997397884727,0.0004099999787285924,0.0],"x":[-1530.2215576171875,813.1695556640625,221.47976684570313],"yaw":0.0},"ball":{"v":[0.0,0.0,0.0],"w":[0.0,0.0,0.0],"x":[0.0,0.0,92.73999786376953]}}
{"car":{"boost":false,"boost_left":59,"dodge_dir":[2.3512056226468525e-38,2.3510604481259484e-38],"dodge_timer":-1.0,"double_jumped":false,"handbrake":false,"jump":true,"jump_timer":-1.0,"jumped":true,"o":[0.949664831161499,-0.3131354749202728,0.0091050760820508,0.31312108039855957,0.9497084617614746,0.00300210271961987,-0.009587232954800129,-0.0,0.9999540448188782],"on_ground":false,"pitch":0.0,"roll":0.0,"steer":0.0,"supersonic":false,"throttle":0.0,"time":974.0729370117188,"v":[102.5009994506836,33.680999755859375,157.20828247070313],"w":[-0.00030999997397884727,0.0004099999787285924,0.0],"x":[-1529.370849609375,813.4497680664063,222.7923126220703],"yaw":0.0},"ball":{"v":[0.0,0.0,0.0],"w":[0.0,0.0,0.0],"x":[0.0,0.0,92.73999786376953]}}
{"car":{"boost":false,"boost_left":59,"dodge_dir":[2.3512056226468525e-38,2.3510604481259484e-38],"dodge_timer":-1.0,"double_jumped":false,"handbrake":false,"jump":true,"jump_timer":-1.0,"jumped":true,"o":[0.949664831161499,-0.3131354749202728,0.0091050760820508,0.31312108039855957,0.9497084617614746,0.00300210271961987,-0.009587232954800129,-0.0,0.9999540448188782],"on_ground":false,"pitch":0.0,"roll":0.0,"steer":0.0,"supersonic":false,"throttle":0.0,"time":974.081298828125,"v":[102.5009994506836,33.680999755859375,151.7843017578125],"w":[-0.00030999997397884727,0.0004099999787285924,0.0],"x":[-1528.520263671875,813.72998046875,224.0550537109375],"yaw":0.0},"ball":{"v":[0.0,0.0,0.0],"w":[0.0,0.0,0.0],"x":[0.0,0.0,92.73999786376953]}}
{"car":{"boost":false,"boost_left":59,"dodge_dir":[2.3512056226468525e-38,2.3510604481259484e-38],"dodge_timer":-1.0,"double_jumped":false,"handbrake":false,"jump":true,"jump_timer":-1.0,"jumped":true,"o":[0.949664831161499,-0.3131354749202728,0.0091050760820508,0.31312108039855957,0.9497084617614746,0.00300210271961987,-0.009587232954800129,-0.0,0.9999540448188782],"on_ground":false,"pitch":0.0,"roll":0.0,"steer":0.0,"supersonic":false,"throttle":0.0,"time":974.0896606445313,"v":[102.5009994506836,33.680999755859375,146.3607177734375],"w":[-0.00030999997397884727,0.0004099999787285924,0.0],"x":[-1527.6697998046875,814.0101318359375,225.2772979736328],"yaw":0.0},"ball":{"v":[0.0,0.0,0.0],"w":[0.0,0.0,0.0],"x":[0.0,0.0,92.73999786376953]}}
{"car":{"boost":false,"boost_left":59,"dodge_dir":[2.3512056226468525e-38,2.3510604481259484e-38],"dodge_timer":-1.0,"double_jumped":false,"handbrake":false,"jump":true,"jump_timer":-1.0,"jumped":true,"o":[0.949664831161499,-0.3131354749202728,0.0091050760820508,0.31312108039855957,0.9497084617614746,0.00300210271961987,-0.009587232954800129,-0.0,0.9999540448188782],"on_ground":false,"pitch":0.0,"roll":0.0,"steer":0.0,"supersonic":false,"throttle":0.0,"time":974.0980224609375,"v":[102.5009994506836,33.680999755859375,140.93772888183594],"w":[-0.00030999997397884727,0.0004099999787285924,0.0],"x":[-1526.8192138671875,814.2903442382813,226.44967651367188],"yaw":0.0},"ball":{"v":[0.0,0.0,0.0],"w":[0.0,0.0,0.0],"x":[0.0,0.0,92.73999786376953]}}
