{"car":{"boost":false,"boost_left":46,"dodge_dir":[2.3512056226468525e-38,2.3510604481259484e-38],"dodge_timer":-1.0,"double_jumped":false,"handbrake":false,"jump":true,"jump_timer":-1.0,"jumped":true,"o":[0.025402653962373734,0.999677300453186,0.00024355236382689327,-0.9996313452720642,0.0254038218408823,-0.009584139101207256,-0.009587232954800129,-0.0,0.9999540448188782],"on_ground":false,"pitch":0.0,"roll":0.0,"steer":0.0,"supersonic":false,"throttle":0.0,"time":996.1563110351563,"v":[0.0,-2.0909998416900635,426.8171081542969],"w":[0.0004099999787285924,0.0,0.0],"x":[-616.0999755859375,-2379.55810546875,103.18932342529297],"yaw":0.0},"ball":{"v":[0.0,0.0,0.0],"w":[0.0,0.0,0.0],"x":[0.0,0.0,92.73999786376953]}}
{"car":{"boost":false,"boost_left":46,"dodge_dir":[2.3512056226468525e-38,2.3510604481259484e-38],"dodge_timer":-1.0,"double_jumped":false,"handbrake":false,"jump":true,"jump_timer":-1.0,"jumped":true,"o":[0.025402653962373734,0.999677300453186,0.00024355236382689327,-0.9996313452720642,0.0254038218408823,-0.009584139101207256,-0.009587232954800129,-0.0,0.9999540448188782],"on_ground":false,"pitch":0.0,"roll":0.0,"steer":0.0,"supersonic":false,"throttle":0.0,"time":996.1646728515625,"v":[0.0,-2.0909998416900635,421.3734130859375],"w":[0.0004099999787285924,0.0,0.0],"x":[-616.0999755859375,-2379.578125,106.7145767211914],"yaw":0.0},"ball":{"v":[0.0,0.0,0.0],"w":[0.0,0.0,0.0],"x":[0.0,0.0,92.73999786376953]}}
{"car":{"boost":false,"boost_left":46,"dodge_dir":[2.3512056226468525e-38,2.3510604481259484e-38],"dodge_timer":-1.0,"double_jumped":false,"handbrake":false,"jump":true,"jump_timer":-1.0,"jumped":true,"o":[0.025402653962373734,0.999677300453186,0.00024355236382689327,-0.9996313452720642,0.0254038218408823,-0.009584139101207256,-0.009587232954800129,-0.0,0.9999540448188782],"on_ground":false,"pitch":0.0,"roll":0.0,"steer":0.0,"supersonic":false,"throttle":0.0,"time":996.1731567382813,"v":[0.0,-2.0909998416900635,415.9162292480469],"w":[0.0004099999787285924,0.0,0.0],"x":[-616.0999755859375,-2379.59814453125,110.2020263671875],"yaw":0.0},"ball":{"v":[0.0,0.0,0.0],"w":[0.0,0.0,0.0],"x":[0.0,0.0,92.73999786376953]}}
{"car":{"boost":false,"boost_left":46,"dodge_dir":[2.3512056226468525e-38,2.3510604481259484e-38],"dodge_timer":-1.0,"double_jumped":false,"handbrake":false,"jump":true,"jump_timer":-1.0,"jumped":true,"o":[0.025402653962373734,0.999677300453186,0.00024355236382689327,-0.9996313452720642,0.0254038218408823,-0.009584139101207256,-0.009587232954800129,-0.0,0.9999540448188782],"on_ground":false,"pitch":0.0,"roll":0.0,"steer":0.0,"supersonic":false,"throttle":0.0,"time":996.1815185546875,"v":[0.0,-2.0909998416900635,410.41705322265625],"w":[0.0004099999787285924,0.0,0.0],"x":[-616.0999755859375,-2379.618408203125,113.67102813720703],"yaw":0.0},"ball":{"v":[0.0,0.0,0.0],"w":[0.0,0.0,0.0],"x":[0.0,0.0,92.73999786376953]}}
{"car":{"boost":false,"boost_left":46,"dodge_dir":[2.3512056226468525e-38,2.3510604481259484e-38],"dodge_timer":-1.0,"double_jumped":false,"handbrake":false,"jump":true,"jump_timer":-1.0,"jumped":true,"o":[0.025402653962373734,0.999677300453186,0.00024355236382689327,-0.9996313452720642,0.0254038218408823,-0.009584139101207256,-0.009587232954800129,-0.0,0.9999540448188782],"on_ground":false,"pitch":0.0,"roll":0.0,"steer":0.0,"supersonic":false,"throttle":0.0,"time":996.1898803710938,"v":[0.0,-2.0909998416900635,404.9862365722656],"w":[0.0004099999787285924,0.0,0.0],"x":[-616.0999755859375,-2379.638427734375,117.05071258544922],"yaw":0.0},"ball":{"v":[0.0,0.0,0.0],"w":[0.0,0.0,0.0],"x":[0.0,0.0,92.73999786376953]}}
{"car":{"boost":false,"boost_left":46,"dodge_dir":[2.3512056226468525e-38,2.3510604481259484e-38],"dodge_timer":-1.0,"double_jumped":false,"handbrake":false,"jump":true,"jump_timer":-1.0,"jumped":true,"o":[0.025402653962373734,0.999677300453186,0.00024355236382689327,-0.9996313452720642,0.0254038218408823,-0.009584139101207256,-0.009587232954800129,-0.0,0.9999540448188782],"on_ground":false,"pitch":0.0,"roll":0.0,"steer":0.0,"supersonic":false,"throttle":0.0,"time":996.1982421875,"v":[0.0,-2.0909998416900635,399.5553894042969],"w":[0.0004099999787285924,0.0,0.0],"x":[-616.0999755859375,-2379.658447265625,120.38595581054688],"yaw":0.0},"ball":{"v":[0.0,0.0,0.0],"w":[0.0,0.0,0.0],"x":[0.0,0.0,92.73999786376953]}}
{"car":{"boost":false,"boost_left":46,"dodge_dir":[2.3512056226468525e-38,2.3510604481259484e-38],"dodge_timer":-1.0,"double_jumped":false,"handbrake":false,"jump":true,"jump_timer":-1.0,"jumped":true,"o":[0.025402653962373734,0.999677300453186,0.00024355236382689327,-0.9996313452720642,0.0254038218408823,-0.009584139101207256,-0.009587232954800129,-0.0,0.9999540448188782],"on_ground":false,"pitch":0.0,"roll":0.0,"steer":0.0,"supersonic":false,"throttle":0.0,"time":996.2066040039063,"v":[0.0,-2.0909998416900635,394.124755859375],"w":[0.0004099999787285924,0.0,0.0],"x":[-616.0999755859375,-2379.678466796875,123.67518615722656],"yaw":0.0},"ball":{"v":[0.0,0.0,0.0],"w":[0.0,0.0,0.0],"x":[0.0,0.0,92.73999786376953]}}
{"car":{"boost":false,"boost_left":46,"dodge_dir":[2.3512056226468525e-38,2.3510604481259484e-38],"dodge_timer":-1.0,"double_jumped":false,"handbrake":false,"jump":true,"jump_timer":-1.0,"jumped":true,"o":[0.025402653962373734,0.999677300453186,0.00024355236382689327,-0.9996313452720642,0.0254038218408823,-0.009584139101207256,-0.009587232954800129,-0.0,0.9999540448188782],"on_ground":false,"pitch":0.0,"roll":0.0,"steer":0.0,"supersonic":false,"throttle":0.0,"time":996.2149658203125,"v":[0.0,-2.0909998416900635,388.69415283203125],"w":[0.0004099999787285924,0.0,0.0],"x":[-616.0999755859375,-2379.69873046875,126.919921875],"yaw":0.0},"ball":{"v":[0.0,0.0,0.0],"w":[0.0,0.0,0.0],"x":[0.0,0.0,92.73999786376953]}}
{"car":{"boost":false,"boost_left":46,"dodge_dir":[2.3512056226468525e-38,2.3510604481259484e-38],"dodge_timer":-1.0,"double_jumped":false,"handbrake":false,"jump":true,"jump_timer":-1.0,"jumped":true,"o":[0.025402653962373734,0.999677300453186,0.00024355236382689327,-0.9996313452720642,0.0254038218408823,-0.009584139101207256,-0.009587232954800129,-0.0,0.9999540448188782],"on_ground":false,"pitch":0.0,"roll":0.0,"steer":0.0,"supersonic":false,"throttle":0.0,"time":996.2233276367188,"v":[0.0,-2.0909998416900635,383.2574768066406],"w":[0.0004099999787285924,0.0,0.0],"x":[-616.0999755859375,-2379.71875,130.12234497070313],"yaw":0.0},"ball":{"v":[0.0,0.0,0.0],"w":[0.0,0.0,0.0],"x":[0.0,0.0,92.73999786376953]}}
{"car":{"boost":false,"boost_left":46,"dodge_dir":[2.3512056226468525e-38,2.3510604481259484e-38],"dodge_timer":-1.0,"double_jumped":false,"handbrake":false,"jump":true,"jump_timer":-1.0,"jumped":true,"o":[0.025402653962373734,0.999677300453186,0.00024355236382689327,-0.9996313452720642,0.0254038218408823,-0.009584139101207256,-0.009587232954800129,-0.0,0.9999540448188782],"on_ground":false,"pitch":0.0,"roll":0.0,"steer":0.0,"supersonic":false,"throttle":0.0,"time":996.231689453125,"v":[0.0,-2.0909998416900635,377.8011169433594],"w":[0.0004099999787285924,0.0,0.0],"x":[-616.0999755859375,-2379.73876953125,133.29147338867188],"yaw":0.0},"ball":{"v":[0.0,0.0,0.0],"w":[0.0,0.0,0.0],"x":[0.0,0.0,92.73999786376953]}}
{"car":{"boost":false,"boost_left":46,"dodge_dir":[2.3512056226468525e-38,2.3510604481259484e-38],"dodge_timer":-1.0,"double_jumped":false,"handbrake":false,"jump":true,"jump_timer":-1.0,"jumped":true,"o":[0.025402653962373734,0.999677300453186,0.00024355236382689327,-0.9996313452720642,0.0254038218408823,-0.009584139101207256,-0.009587232954800129,-0.0,0.9999540448188782],"on_ground":false,"pitch":0.0,"roll":0.0,"steer":0.0,"supersonic":false,"throttle":0.0,"time":996.2400512695313,"v":[0.0,-2.0909998416900635,372.3705139160156],"w":[0.0004099999787285924,0.0,0.0],"x":[-616.0999755859375,-2379.7587890625,136.39979553222656],"yaw":0.0},"ball":{"v":[0.0,0.0,0.0],"w":[0.0,0.0,0.0],"x":[0.0,0.0,92.73999786376953]}}
{"car":{"boost":false,"boost_left":46,"dodge_dir":[2.3512056226468525e-38,2.3510604481259484e-38],"dodge_timer":-1.0,"double_jumped":false,"handbrake":false,"jump":true,"jump_timer":-1.0,"jumped":true,"o":[0.025402653962373734,0.999677300453186,0.00024355236382689327,-0.9996313452720642,0.0254038218408823,-0.009584139101207256,-0.009587232954800129,-0.0,0.9999540448188782],"on_ground":false,"pitch":0.0,"roll":0.0,"steer":0.0,"supersonic":false,"throttle":0.0,"time":996.2484130859375,"v":[0.0,-2.0909998416900635,366.92962646484375],"w":[0.0004099999787285924,0.0,0.0],"x":[-616.0999755859375,-2379.779052734375,139.46923828125],"yaw":0.0},"ball":{"v":[0.0,0.0,0.0],"w":[0.0,0.0,0.0],"x":[0.0,0.0,92.73999786376953]}}
{"car":{"boost":false,"boost_left":46,"dodge_dir":[2.3512056226468525e-38,2.3510604481259484e-38],"dodge_timer":-1.0,"double_jumped":false,"handbrake":false,"jump":true,"jump_timer":-1.0,"jumped":true,"o":[0.025402653962373734,0.999677300453186,0.00024355236382689327,-0.9996313452720642,0.0254038218408823,-0.009584139101207256,-0.009587232954800129,-0.0,0.9999540448188782],"on_ground":false,"pitch":0.0,"roll":0.0,"steer":0.0,"supersonic":false,"throttle":0.0,"time":996.2567749023438,"v":[0.0,-2.0909998416900635,361.4783020019531],"w":[0.0004099999787285924,0.0,0.0],"x":[-616.0999755859375,-2379.799072265625,142.4985809326172],"yaw":0.0},"ball":{"v":[0.0,0.0,0.0],"w":[0.0,0.0,0.0],"x":[0.0,0.0,92.73999786376953]}}
{"car":{"boost":false,"boost_left":46,"dodge_dir":[2.3512056226468525e-38,2.3510604481259484e-38],"dodge_timer":-1.0,"double_jumped":false,"handbrake":false,"jump":true,"jump_timer":-1.0,"jumped":true,"o":[0.025402653962373734,0.999677300453186,0.00024355236382689327,-0.9996313452720642,0.0254038218408823,-0.009584139101207256,-0.009587232954800129,-0.0,0.9999540448188782],"on_ground":false,"pitch":0.0,"roll":0.0,"steer":0.0,"supersonic":false,"throttle":0.0,"time":996.26513671875,"v":[0.0,-2.0909998416900635,356.04766845703125],"w":[0.0004099999787285924,0.0,0.0],"x":[-616.0999755859375,-2379.819091796875,145.47161865234375],"yaw":0.0},"ball":{"v":[0.0,0.0,0.0],"w":[0.0,0.0,0.0],"x":[0.0,0.0,92.73999786376953]}}
{"car":{"boost":false,"boost_left":46,"dodge_dir":[2.3512056226468525e-38,2.3510604481259484e-38],"dodge_timer":-1.0,"double_jumped":false,"handbrake":false,"jump":true,"jump_timer":-1.0,"jumped":true,"o":[0.025402653962373734,0.999677300453186,0.00024355236382689327,-0.9996313452720642,0.0254038218408823,-0.009584139101207256,-0.009587232954800129,-0.0,0.9999540448188782],"on_ground":false,"pitch":0.0,"roll":0.0,"steer":0.0,"supersonic":false,"throttle":0.0,"time":996.2734985351563,"v":[0.0,-2.0909998416900635,350.6162414550781],"w":[0.0004099999787285924,0.0,0.0],"x":[-616.0999755859375,-2379.839111328125,148.39947509765625],"yaw":0.0},"ball":{"v":[0.0,0.0,0.0],"w":[0.0,0.0,0.0],"x":[0.0,0.0,92.73999786376953]}}
{"car":{"boost":false,"boost_left":46,"dodge_dir":[2.3512056226468525e-38,2.3510604481259484e-38],"dodge_timer":-1.0,"double_jumped":false,"handbrake":false,"jump":true,"jump_timer":-1.0,"jumped":true,"o":[0.025402653962373734,0.999677300453186,0.00024355236382689327,-0.9996313452720642,0.0254038218408823,-0.009584139101207256,-0.009587232954800129,-0.0,0.9999540448188782],"on_ground":false,"pitch":0.0,"roll":0.0,"steer":0.0,"supersonic":false,"throttle":0.0,"time":996.2819213867188,"v":[0.0,-2.0909998416900635,345.1735534667969],"w":[0.0004099999787285924,0.0,0.0],"x":[-616.0999755859375,-2379.859130859375,151.2884979248047],"yaw":0.0},"ball":{"v":[0.0,0.0,0.0],"w":[0.0,0.0,0.0],"x":[0.0,0.0,92.73999786376953]}}
{"car":{"boost":false,"boost_left":46,"dodge_dir":[2.3512056226468525e-38,2.3510604481259484e-38],"dodge_timer":-1.0,"double_jumped":false,"handbrake":false,"jump":true,"jump_timer":-1.0,"jumped":true,"o":[0.025402653962373734,0.999677300453186,0.00024355236382689327,-0.9996313452720642,0.0254038218408823,-0.009584139101207256,-0.009587232954800129,-0.0,0.9999540448188782],"on_ground":false,"pitch":0.0,"roll":0.0,"steer":0.0,"supersonic":false,"throttle":0.0,"time":996.29052734375,"v":[0.0,-2.0909998416900635,339.6994934082031],"w":[0.0004099999787285924,0.0,0.0],"x":[-616.0999755859375,-2379.87939453125,154.14801025390625],"yaw":0.0},"ball":{"v":[0.0,0.0,0.0],"w":[0.0,0.0,0.0],"x":[0.0,0.0,92.73999786376953]}}
{"car":{"boost":false,"boost_left":46,"dodge_dir":[2.3512056226468525e-38,2.3510604481259484e-38],"dodge_timer":-1.0,"double_jumped":false,"handbrake":false,"jump":true,"jump_timer":-1.0,"jumped":true,"o":[0.025402653962373734,0.999677300453186,0.00024355236382689327,-0.9996313452720642,0.0254038218408823,-0.009584139101207256,-0.009587232954800129,-0.0,0.9999540448188782],"on_ground":false,"pitch":0.0,"roll":0.0,"steer":0.0,"supersonic":false,"throttle":0.0,"time":996.2988891601563,"v":[0.0,-2.0909998416900635,334.1210632324219],"w":[0.0004099999787285924,0.0,0.0],"x":[-616.0999755859375,-2379.89990234375,157.0150604248047],"yaw":0.0},"ball":{"v":[0.0,0.0,0.0],"w":[0.0,0.0,0.0],"x":[0.0,0.0,92.73999786376953]}}
{"car":{"boost":false,"boost_left":46,"dodge_dir":[2.3512056226468525e-38,2.3510604481259484e-38],"dodge_timer":-1.0,"double_jumped":false,"handbrake":false,"jump":true,"jump_timer":-1.0,"jumped":true,"o":[0.025402653962373734,0.999677300453186,0.00024355236382689327,-0.9996313452720642,0.0254038218408823,-0.009584139101207256,-0.009587232954800129,-0.0,0.9999540448188782],"on_ground":false,"pitch":0.0,"roll":0.0,"steer":0.0,"supersonic":false,"throttle":0.0,"time":996.3072509765625,"v":[0.0,-2.0909998416900635,328.69024658203125],"w":[0.0004099999787285924,0.0,0.0],"x":[-616.0999755859375,-2379.919921875,159.7604217529297],"yaw":0.0},"ball":{"v":[0.0,0.0,0.0],"w":[0.0,0.0,0.0],"x":[0.0,0.0,92.73999786376953]}}
{"car":{"boost":false,"boost_left":46,"dodge_dir":[2.3512056226468525e-38,2.3510604481259484e-38],"dodge_timer":-1.0,"double_jumped":false,"handbrake":false,"jump":true,"jump_timer":-1.0,"jumped":true,"o":[0.025402653962373734,0.999677300453186,0.00024355236382689327,-0.9996313452720642,0.0254038218408823,-0.009584139101207256,-0.009587232954800129,-0.0,0.9999540448188782],"on_ground":false,"pitch":0.0,"roll":0.0,"steer":0.0,"supersonic":false,"throttle":0.0,"time":996.3156127929688,"v":[0.0,-2.0909998416900635,323.25982666015625],"w":[0.0004099999787285924,0.0,0.0],"x":[-616.0999755859375,-2379.93994140625,162.46035766601563],"yaw":0.0},"ball":{"v":[0.0,0.0,0.0],"w":[0.0,0.0,0.0],"x":[0.0,0.0,92.73999786376953]}}
{"car":{"boost":false,"boost_left":46,"dodge_dir":[2.3512056226468525e-38,2.3510604481259484e-38],"dodge_timer":-1.0,"double_jumped":false,"handbrake":false,"jump":true,"jump_timer":-1.0,"jumped":true,"o":[0.025402653962373734,0.999677300453186,0.00024355236382689327,-0.9996313452720642,0.0254038218408823,-0.009584139101207256,-0.009587232954800129,-0.0,0.9999540448188782],"on_ground":false,"pitch":0.0,"roll":0.0,"steer":0.0,"supersonic":false,"throttle":0.0,"time":996.323974609375,"v":[0.0,-2.0909998416900635,317.8298034667969],"w":[0.0004099999787285924,0.0,0.0],"x":[-616.0999755859375,-2379.960205078125,165.114990234375],"yaw":0.0},"ball":{"v":[0.0,0.0,0.0],"w":[0.0,0.0,0.0],"x":[0.0,0.0,92.73999786376953]}}
{"car":{"boost":false,"boost_left":46,"dodge_dir":[2.3512056226468525e-38,2.3510604481259484e-38],"dodge_timer":-1.0,"double_jumped":false,"handbrake":false,"jump":true,"jump_timer":-1.0,"jumped":true,"o":[0.025402653962373734,0.999677300453186,0.00024355236382689327,-0.9996313452720642,0.0254038218408823,-0.009584139101207256,-0.009587232954800129,-0.0,0.9999540448188782],"on_ground":false,"pitch":0.0,"roll":0.0,"steer":0.0,"supersonic":false,"throttle":0.0,"time":996.3323364257813,"v":[0.0,-2.0909998416900635,312.3999938964844],"w":[0.0004099999787285924,0.0,0.0],"x":[-616.0999755859375,-2379.980224609375,167.7242889404297],"yaw":0.0},"ball":{"v":[0.0,0.0,0.0],"w":[0.0,0.0,0.0],"x":[0.0,0.0,92.73999786376953]}}
{"car":{"boost":false,"boost_left":46,"dodge_dir":[2.3512056226468525e-38,2.3510604481259484e-38],"dodge_timer":-1.0,"double_jumped":false,"handbrake":false,"jump":true,"jump_timer":-1.0,"jumped":true,"o":[0.025402653962373734,0.999677300453186,0.00024355236382689327,-0.9996313452720642,0.0254038218408823,-0.009584139101207256,-0.009587232954800129,-0.0,0.9999540448188782],"on_ground":false,"pitch":0.0,"roll":0.0,"steer":0.0,"supersonic":false,"throttle":0.0,"time":996.3406982421875,"v":[0.0,-2.0909998416900635,306.9705505371094],"w":[0.0004099999787285924,0.0,0.0],"x":[-616.0999755859375,-2380.000244140625,170.28831481933594],"yaw":0.0},"ball":{"v":[0.0,0.0,0.0],"w":[0.0,0.0,0.0],"x":[0.0,0.0,92.73999786376953]}}
{"car":{"boost":false,"boost_left":46,"dodge_dir":[2.3512056226468525e-38,2.3510604481259484e-38],"dodge_timer":-1.0,"double_jumped":false,"handbrake":false,"jump":true,"jump_timer":-1.0,"jumped":true,"o":[0.025402653962373734,0.999677300453186,0.00024355236382689327,-0.9996313452720642,0.0254038218408823,-0.009584139101207256,-0.009587232954800129,-0.0,0.9999540448188782],"on_ground":false,"pitch":0.0,"roll":0.0,"steer":0.0,"supersonic":false,"throttle":0.0,"time":996.3490600585938,"v":[0.0,-2.0909998416900635,301.5413513183594],"w":[0.0004099999787285924,0.0,0.0],"x":[-616.0999755859375,-2380.020263671875,172.80699157714844],"yaw":0.0},"ball":{"v":[0.0,0.0,0.0],"w":[0.0,0.0,0.0],"x":[0.0,0.0,92.73999786376953]}}
{"car":{"boost":false,"boost_left":46,"dodge_dir":[2.3512056226468525e-38,2.3510604481259484e-38],"dodge_timer":-1.0,"double_jumped":false,"handbrake":false,"jump":true,"jump_timer":-1.0,"jumped":true,"o":[0.025402653962373734,0.999677300453186,0.00024355236382689327,-0.9996313452720642,0.0254038218408823,-0.009584139101207256,-0.009587232954800129,-0.0,0.9999540448188782],"on_ground":false,"pitch":0.0,"roll":0.0,"steer":0.0,"supersonic":false,"throttle":0.0,"time":996.357421875,"v":[0.0,-2.0909998416900635,296.1123046875],"w":[0.0004099999787285924,0.0,0.0],"x":[-616.0999755859375,-2380.040283203125,175.2805633544922],"yaw":0.0},"ball":{"v":[0.0,0.0,0.0],"w":[0.0,0.0,0.0],"x":[0.0,0.0,92.73999786376953]}}
{"car":{"boost":false,"boost_left":46,"dodge_dir":[2.3512056226468525e-38,2.3510604481259484e-38],"dodge_timer":-1.0,"double_jumped":false,"handbrake":false,"jump":true,"jump_timer":-1.0,"jumped":true,"o":[0.025402653962373734,0.999677300453186,0.00024355236382689327,-0.9996313452720642,0.0254038218408823,-0.009584139101207256,-0.009587232954800129,-0.0,0.9999540448188782],"on_ground":false,"pitch":0.0,"roll":0.0,"steer":0.0,"supersonic":false,"throttle":0.0,"time":996.3657836914063,"v":[0.0,-2.0909998416900635,290.6833190917969],"w":[0.0004099999787285924,0.0,0.0],"x":[-616.0999755859375,-2380.060302734375,177.70883178710938],"yaw":0.0},"ball":{"v":[0.0,0.0,0.0],"w":[0.0,0.0,0.0],"x":[0.0,0.0,92.73999786376953]}}
{"car":{"boost":false,"boost_left":46,"dodge_dir":[2.3512056226468525e-38,2.3510604481259484e-38],"dodge_timer":-1.0,"double_jumped":false,"handbrake":false,"jump":true,"jump_timer":-1.0,"jumped":true,"o":[0.025402653962373734,0.999677300453186,0.00024355236382689327,-0.9996313452720642,0.0254038218408823,-0.009584139101207256,-0.009587232954800129,-0.0,0.9999540448188782],"on_ground":false,"pitch":0.0,"roll":0.0,"steer":0.0,"supersonic":false,"throttle":0.0,"time":996.3741455078125,"v":[0.0,-2.0909998416900635,285.2544860839844],"w":[0.0004099999787285924,0.0,0.0],"x":[-616.0999755859375,-2380.080322265625,180.09201049804688],"yaw":0.0},"ball":{"v":[0.0,0.0,0.0],"w":[0.0,0.0,0.0],"x":[0.0,0.0,92.73999786376953]}}
{"car":{"boost":true,"boost_left":46,"dodge_dir":[2.3512056226468525e-38,2.3510604481259484e-38],"dodge_timer":-1.0,"double_jumped":false,"handbrake":false,"jump":true,"jump_timer":-1.0,"jumped":true,"o":[0.025402653962373734,0.999677300453186,0.00024355236382689327,-0.9996313452720642,0.0254038218408823,-0.009584139101207256,-0.009587232954800129,-0.0,0.9999540448188782],"on_ground":false,"pitch":0.0,"roll":0.0,"steer":0.0,"supersonic":false,"throttle":0.0,"time":996.382568359375,"v":[0.0,-2.0909998416900635,279.8212585449219],"w":[0.0004099999787285924,0.0,0.0],"x":[-616.0999755859375,-2380.100341796875,182.4317626953125],"yaw":0.0},"ball":{"v":[0.0,0.0,0.0],"w":[0.0,0.0,0.0],"x":[0.0,0.0,92.73999786376953]}}
{"car":{"boost":true,"boost_left":46,"dodge_dir":[2.3512056226468525e-38,2.3510604481259484e-38],"dodge_timer":-1.0,"double_jumped":false,"handbrake":false,"jump":true,"jump_timer":-1.0,"jumped":true,"o":[0.025402653962373734,0.999677300453186,0.00024355236382689327,-0.9996313452720642,0.0254038218408823,-0.009584139101207256,-0.009587232954800129,-0.0,0.9999540448188782],"on_ground":false,"pitch":0.0,"roll":0.0,"steer":0.0,"supersonic":false,"throttle":0.0,"time":996.3909301757813,"v":[0.10626881569623947,-6.458066940307617,274.3131408691406],"w":[0.0004099999787285924,0.0,0.0],"x":[-616.0999755859375,-2380.157470703125,184.73486328125],"yaw":0.0},"ball":{"v":[0.0,0.0,0.0],"w":[0.0,0.0,0.0],"x":[0.0,0.0,92.73999786376953]}}
{"car":{"boost":true,"boost_left":46,"dodge_dir":[2.3512056226468525e-38,2.3510604481259484e-38],"dodge_timer":-1.0,"double_jumped":false,"handbrake":false,"jump":true,"jump_timer":-1.0,"jumped":true,"o":[0.025402653962373734,0.999677300453186,0.00024355236382689327,-0.9996313452720642,0.0254038218408823,-0.009584139101207256,-0.009587232954800129,-0.0,0.9999540448188782],"on_ground":false,"pitch":0.0,"roll":0.0,"steer":0.0,"supersonic":false,"throttle":0.0,"time":996.3994140625,"v":[0.3176800608634949,-15.023506164550781,268.80401611328125],"w":[0.0004099999787285924,0.0,0.0],"x":[-616.0999755859375,-2380.28466796875,186.97740173339844],"yaw":0.0},"ball":{"v":[0.0,0.0,0.0],"w":[0.0,0.0,0.0],"x":[0.0,0.0,92.73999786376953]}}
{"car":{"boost":true,"boost_left":46,"dodge_dir":[2.3512056226468525e-38,2.3510604481259484e-38],"dodge_timer":-1.0,"double_jumped":false,"handbrake":false,"jump":true,"jump_timer":-1.0,"jumped":true,"o":[0.025402653962373734,0.999677300453186,0.00024355236382689327,-0.9996313452720642,0.0254038218408823,-0.009584139101207256,-0.009587232954800129,-0.0,0.9999540448188782],"on_ground":false,"pitch":0.0,"roll":0.0,"steer":0.0,"supersonic":false,"throttle":0.0,"time":996.4077758789063,"v":[0.5415312051773071,-23.98772621154785,263.2077331542969],"w":[0.0004099999787285924,0.0,0.0],"x":[-616.094482421875,-2380.48583984375,189.20887756347656],"yaw":0.0},"ball":{"v":[0.0,0.0,0.0],"w":[0.0,0.0,0.0],"x":[0.0,0.0,92.73999786376953]}}
{"car":{"boost":true,"boost_left":45,"dodge_dir":[2.3512056226468525e-38,2.3510604481259484e-38],"dodge_timer":-1.0,"double_jumped":false,"handbrake":false,"jump":true,"jump_timer":-1.0,"jumped":true,"o":[0.025402653962373734,0.999677300453186,0.00024355236382689327,-0.9996313452720642,0.0254038218408823,-0.009584139101207256,-0.009587232954800129,-0.0,0.9999540448188782],"on_ground":false,"pitch":0.0,"roll":0.0,"steer":0.0,"supersonic":false,"throttle":0.0,"time":996.4161376953125,"v":[0.7619052529335022,-32.812705993652344,257.6983642578125],"w":[0.0004099999787285924,0.0,0.0],"x":[-616.08447265625,-2380.76025390625,191.36058044433594],"yaw":0.0},"ball":{"v":[0.0,0.0,0.0],"w":[0.0,0.0,0.0],"x":[0.0,0.0,92.73999786376953]}}
{"car":{"boost":false,"boost_left":45,"dodge_dir":[2.3512056226468525e-38,2.3510604481259484e-38],"dodge_timer":-1.0,"double_jumped":false,"handbrake":false,"jump":true,"jump_timer":-1.0,"jumped":true,"o":[0.025402653962373734,0.999677300453186,0.00024355236382689327,-0.9996313452720642,0.0254038218408823,-0.009584139101207256,-0.009587232954800129,-0.0,0.9999540448188782],"on_ground":false,"pitch":0.0,"roll":0.0,"steer":0.0,"supersonic":false,"throttle":0.0,"time":996.4244995117188,"v":[0.9822711944580078,-41.637359619140625,252.18922424316406],"w":[0.0004099999787285924,0.0,0.0],"x":[-616.074462890625,-2381.109375,193.466552734375],"yaw":0.0},"ball":{"v":[0.0,0.0,0.0],"w":[0.0,0.0,0.0],"x":[0.0,0.0,92.73999786376953]}}
{"car":{"boost":false,"boost_left":45,"dodge_dir":[2.3512056226468525e-38,2.3510604481259484e-38],"dodge_timer":-1.0,"double_jumped":false,"handbrake":false,"jump":true,"jump_timer":-1.0,"jumped":true,"o":[0.025402653962373734,0.999677300453186,0.00024355236382689327,-0.9996313452720642,0.0254038218408823,-0.009584139101207256,-0.009587232954800129,-0.0,0.9999540448188782],"on_ground":false,"pitch":0.0,"roll":0.0,"steer":0.0,"supersonic":false,"throttle":0.0,"time":996.432861328125,"v":[1.2026371955871582,-50.46201705932617,246.68008422851563],"w":[0.0004099999787285924,0.0,0.0],"x":[-616.064453125,-2381.52880859375,195.5279083251953],"yaw":0.0},"ball":{"v":[0.0,0.0,0.0],"w":[0.0,0.0,0.0],"x":[0.0,0.0,92.73999786376953]}}
{"car":{"boost":false,"boost_left":44,"dodge_dir":[2.3512056226468525e-38,2.3510604481259484e-38],"dodge_timer":-1.0,"double_jumped":false,"handbrake":false,"jump":true,"jump_timer":-1.0,"jumped":true,"o":[0.025402653962373734,0.999677300453186,0.00024355236382689327,-0.9996313452720642,0.0254038218408823,-0.009584139101207256,-0.009587232954800129,-0.0,0.9999540448188782],"on_ground":false,"pitch":0.0,"roll":0.0,"steer":0.0,"supersonic":false,"throttle":0.0,"time":996.4412231445313,"v":[1.423925518989563,-59.323604583740234,241.1478729248047],"w":[0.0004099999787285924,0.0,0.0],"x":[-616.0543823242188,-2382.026123046875,197.55191040039063],"yaw":0.0},"ball":{"v":[0.0,0.0,0.0],"w":[0.0,0.0,0.0],"x":[0.0,0.0,92.73999786376953]}}
{"car":{"boost":false,"boost_left":44,"dodge_dir":[2.3512056226468525e-38,2.3510604481259484e-38],"dodge_timer":-1.0,"double_jumped":false,"handbrake":false,"jump":true,"jump_timer":-1.0,"jumped":true,"o":[0.025402653962373734,0.999677300453186,0.00024355236382689327,-0.9996313452720642,0.0254038218408823,-0.009584139101207256,-0.009587232954800129,-0.0,0.9999540448188782],"on_ground":false,"pitch":0.0,"roll":0.0,"steer":0.0,"supersonic":false,"throttle":0.0,"time":996.4496459960938,"v":[1.6442915201187134,-68.14825439453125,235.6387176513672],"w":[0.0004099999787285924,0.0,0.0],"x":[-616.0443725585938,-2382.59619140625,199.51719665527344],"yaw":0.0},"ball":{"v":[0.0,0.0,0.0],"w":[0.0,0.0,0.0],"x":[0.0,0.0,92.73999786376953]}}
{"car":{"boost":false,"boost_left":44,"dodge_dir":[2.3512056226468525e-38,2.3510604481259484e-38],"dodge_timer":-1.0,"double_jumped":false,"handbrake":false,"jump":true,"jump_timer":-1.0,"jumped":true,"o":[0.025402653962373734,0.999677300453186,0.00024355236382689327,-0.9996313452720642,0.0254038218408823,-0.009584139101207256,-0.009587232954800129,-0.0,0.9999540448188782],"on_ground":false,"pitch":0.0,"roll":0.0,"steer":0.0,"supersonic":false,"throttle":0.0,"time":996.4580078125,"v":[1.8672285079956055,-77.07587432861328,230.06529235839844],"w":[0.0004099999787285924,0.0,0.0],"x":[-616.0285034179688,-2383.244384765625,201.46014404296875],"yaw":0.0},"ball":{"v":[0.0,0.0,0.0],"w":[0.0,0.0,0.0],"x":[0.0,0.0,92.73999786376953]}}
{"car":{"boost":false,"boost_left":44,"dodge_dir":[2.3512056226468525e-38,2.3510604481259484e-38],"dodge_timer":-1.0,"double_jumped":false,"handbrake":false,"jump":true,"jump_timer":-1.0,"jumped":true,"o":[0.025402653962373734,0.999677300453186,0.00024355236382689327,-0.9996313452720642,0.0254038218408823,-0.009584139101207256,-0.009587232954800129,-0.0,0.9999540448188782],"on_ground":false,"pitch":0.0,"roll":0.0,"steer":0.0,"supersonic":false,"throttle":0.0,"time":996.4663696289063,"v":[2.0875942707061768,-85.90052795410156,224.55615234375],"w":[0.0004099999787285924,0.0,0.0],"x":[-616.0084838867188,-2383.961669921875,203.33453369140625],"yaw":0.0},"ball":{"v":[0.0,0.0,0.0],"w":[0.0,0.0,0.0],"x":[0.0,0.0,92.73999786376953]}}
{"car":{"boost":false,"boost_left":43,"dodge_dir":[2.3512056226468525e-38,2.3510604481259484e-38],"dodge_timer":-1.0,"double_jumped":false,"handbrake":false,"jump":true,"jump_timer":-1.0,"jumped":true,"o":[0.025402653962373734,0.999677300453186,0.00024355236382689327,-0.9996313452720642,0.0254038218408823,-0.009584139101207256,-0.009587232954800129,-0.0,0.9999540448188782],"on_ground":false,"pitch":0.0,"roll":0.0,"steer":0.0,"supersonic":false,"throttle":0.0,"time":996.4747314453125,"v":[2.307960271835327,-94.72518157958984,219.0469970703125],"w":[0.0004099999787285924,0.0,0.0],"x":[-615.9884643554688,-2384.753173828125,205.16453552246094],"yaw":0.0},"ball":{"v":[0.0,0.0,0.0],"w":[0.0,0.0,0.0],"x":[0.0,0.0,92.73999786376953]}}
{"car":{"boost":false,"boost_left":43,"dodge_dir":[2.3512056226468525e-38,2.3510604481259484e-38],"dodge_timer":-1.0,"double_jumped":false,"handbrake":false,"jump":true,"jump_timer":-1.0,"jumped":true,"o":[0.025402653962373734,0.999677300453186,0.00024355236382689327,-0.9996313452720642,0.0254038218408823,-0.009584139101207256,-0.009587232954800129,-0.0,0.9999540448188782],"on_ground":false,"pitch":0.0,"roll":0.0,"steer":0.0,"supersonic":false,"throttle":0.0,"time":996.483154296875,"v":[2.528317928314209,-103.54950714111328,213.53805541992188],"w":[0.0004099999787285924,0.0,0.0],"x":[-615.9683837890625,-2385.614990234375,206.94854736328125],"yaw":0.0},"ball":{"v":[0.0,0.0,0.0],"w":[0.0,0.0,0.0],"x":[0.0,0.0,92.73999786376953]}}
{"car":{"boost":false,"boost_left":43,"dodge_dir":[2.3512056226468525e-38,2.3510604481259484e-38],"dodge_timer":-1.0,"double_jumped":false,"handbrake":false,"jump":true,"jump_timer":-1.0,"jumped":true,"o":[0.025402653962373734,0.999677300453186,0.00024355236382689327,-0.9996313452720642,0.0254038218408823,-0.009584139101207256,-0.009587232954800129,-0.0,0.9999540448188782],"on_ground":false,"pitch":0.0,"roll":0.0,"steer":0.0,"supersonic":false,"throttle":0.0,"time":996.4915161132813,"v":[2.626904249191284,-107.58573913574219,208.0149383544922],"w":[0.0004099999787285924,0.0,0.0],"x":[-615.9481811523438,-2386.521240234375,208.70555114746094],"yaw":0.0},"ball":{"v":[0.0,0.0,0.0],"w":[0.0,0.0,0.0],"x":[0.0,0.0,92.73999786376953]}}
{"car":{"boost":false,"boost_left":43,"dodge_dir":[2.3512056226468525e-38,2.3510604481259484e-38],"dodge_timer":-1.0,"double_jumped":false,"handbrake":false,"jump":true,"jump_timer":-1.0,"jumped":true,"o":[0.025402653962373734,0.999677300453186,0.00024355236382689327,-0.9996313452720642,0.0254038218408823,-0.009584139101207256,-0.009587232954800129,-0.0,0.9999540448188782],"on_ground":false,"pitch":0.0,"roll":0.0,"steer":0.0,"supersonic":false,"throttle":0.0,"time":996.4998779296875,"v":[2.630999803543091,-107.81099700927734,202.58201599121094],"w":[0.0004099999787285924,0.0,0.0],"x":[-615.9281616210938,-2387.4228515625,210.39874267578125],"yaw":0.0},"ball":{"v":[0.0,0.0,0.0],"w":[0.0,0.0,0.0],"x":[0.0,0.0,92.73999786376953]}}
{"car":{"boost":false,"boost_left":43,"dodge_dir":[2.3512056226468525e-38,2.3510604481259484e-38],"dodge_timer":-1.0,"double_jumped":false,"handbrake":false,"jump":true,"jump_timer":-1.0,"jumped":true,"o":[0.025402653962373734,0.999677300453186,0.00024355236382689327,-0.9996313452720642,0.0254038218408823,-0.009584139101207256,-0.009587232954800129,-0.0,0.9999540448188782],"on_ground":false,"pitch":0.0,"roll":0.0,"steer":0.0,"supersonic":false,"throttle":0.0,"time":996.50830078125,"v":[2.630999803543091,-107.81099700927734,197.15321350097656],"w":[0.0004099999787285924,0.0,0.0],"x":[-615.9080810546875,-2388.32421875,212.04177856445313],"yaw":0.0},"ball":{"v":[0.0,0.0,0.0],"w":[0.0,0.0,0.0],"x":[0.0,0.0,92.73999786376953]}}
{"car":{"boost":false,"boost_left":43,"dodge_dir":[2.3512056226468525e-38,2.3510604481259484e-38],"dodge_timer":-1.0,"double_jumped":false,"handbrake":false,"jump":true,"jump_timer":-1.0,"jumped":true,"o":[0.025402653962373734,0.999677300453186,0.00024355236382689327,-0.9996313452720642,0.0254038218408823,-0.009584139101207256,-0.009587232954800129,-0.0,0.9999540448188782],"on_ground":false,"pitch":0.0,"roll":0.0,"steer":0.0,"supersonic":false,"throttle":0.0,"time":996.5166625976563,"v":[2.630999803543091,-107.81099700927734,191.65965270996094],"w":[0.0004099999787285924,0.0,0.0],"x":[-615.8878173828125,-2389.236328125,213.6594696044922],"yaw":0.0},"ball":{"v":[0.0,0.0,0.0],"w":[0.0,0.0,0.0],"x":[0.0,0.0,92.73999786376953]}}
{"car":{"boost":false,"boost_left":43,"dodge_dir":[2.3512056226468525e-38,2.3510604481259484e-38],"dodge_timer":-1.0,"double_jumped":false,"handbrake":false,"jump":true,"jump_timer":-1.0,"jumped":true,"o":[0.025402653962373734,0.999677300453186,0.00024355236382689327,-0.9996313452720642,0.0254038218408823,-0.009584139101207256,-0.009587232954800129,-0.0,0.9999540448188782],"on_ground":false,"pitch":0.0,"roll":0.0,"steer":0.0,"supersonic":false,"throttle":0.0,"time":996.5250244140625,"v":[2.630999803543091,-107.81099700927734,186.2306365966797],"w":[0.0004099999787285924,0.0,0.0],"x":[-615.8677978515625,-2390.137939453125,215.21165466308594],"yaw":0.0},"ball":{"v":[0.0,0.0,0.0],"w":[0.0,0.0,0.0],"x":[0.0,0.0,92.73999786376953]}}
{"car":{"boost":false,"boost_left":43,"dodge_dir":[2.3512056226468525e-38,2.3510604481259484e-38],"dodge_timer":-1.0,"double_jumped":false,"handbrake":false,"jump":true,"jump_timer":-1.0,"jumped":true,"o":[0.025402653962373734,0.999677300453186,0.00024355236382689327,-0.9996313452720642,0.0254038218408823,-0.009584139101207256,-0.009587232954800129,-0.0,0.9999540448188782],"on_ground":false,"pitch":0.0,"roll":0.0,"steer":0.0,"supersonic":false,"throttle":0.0,"time":996.5335693359375,"v":[2.630999803543091,-107.81099700927734,180.80181884765625],"w":[0.0004099999787285924,0.0,0.0],"x":[-615.8477783203125,-2391.039306640625,216.71971130371094],"yaw":0.0},"ball":{"v":[0.0,0.0,0.0],"w":[0.0,0.0,0.0],"x":[0.0,0.0,92.73999786376953]}}
{"car":{"boost":false,"boost_left":43,"dodge_dir":[2.3512056226468525e-38,2.3510604481259484e-38],"dodge_timer":-1.0,"double_jumped":false,"handbrake":false,"jump":true,"jump_timer":-1.0,"jumped":true,"o":[0.025402653962373734,0.999677300453186,0.00024355236382689327,-0.9996313452720642,0.0254038218408823,-0.009584139101207256,-0.009587232954800129,-0.0,0.9999540448188782],"on_ground":false,"pitch":0.0,"roll":0.0,"steer":0.0,"supersonic":false,"throttle":0.0,"time":996.5419311523438,"v":[2.630999803543091,-107.81099700927734,175.26260375976563],"w":[0.0004099999787285924,0.0,0.0],"x":[-615.8273315429688,-2391.959228515625,218.2108612060547],"yaw":0.0},"ball":{"v":[0.0,0.0,0.0],"w":[0.0,0.0,0.0],"x":[0.0,0.0,92.73999786376953]}}
{"car":{"boost":false,"boost_left":43,"dodge_dir":[2.3512056226468525e-38,2.3510604481259484e-38],"dodge_timer":-1.0,"double_jumped":false,"handbrake":false,"jump":true,"jump_timer":-1.0,"jumped":true,"o":[0.025402653962373734,0.999677300453186,0.00024355236382689327,-0.9996313452720642,0.0254038218408823,-0.009584139101207256,-0.009587232954800129,-0.0,0.9999540448188782],"on_ground":false,"pitch":0.0,"roll":0.0,"steer":0.0,"supersonic":false,"throttle":0.0,"time":996.55029296875,"v":[2.630999803543091,-107.81099700927734,169.8337860107422],"w":[0.0004099999787285924,0.0,0.0],"x":[-615.8073120117188,-2392.86083984375,219.62783813476563],"yaw":0.0},"ball":{"v":[0.0,0.0,0.0],"w":[0.0,0.0,0.0],"x":[0.0,0.0,92.73999786376953]}}
{"car":{"boost":false,"boost_left":43,"dodge_dir":[2.3512056226468525e-38,2.3510604481259484e-38],"dodge_timer":-1.0,"double_jumped":false,"handbrake":false,"jump":true,"jump_timer":-1.0,"jumped":true,"o":[0.025402653962373734,0.999677300453186,0.00024355236382689327,-0.9996313452720642,0.0254038218408823,-0.009584139101207256,-0.009587232954800129,-0.0,0.9999540448188782],"on_ground":false,"pitch":0.0,"roll":0.0,"steer":0.0,"supersonic":false,"throttle":0.0,"time":996.5586547851563,"v":[2.630999803543091,-107.81099700927734,164.40516662597656],"w":[0.0004099999787285924,0.0,0.0],"x":[-615.7872314453125,-2393.761962890625,220.99827575683594],"yaw":0.0},"ball":{"v":[0.0,0.0,0.0],"w":[0.0,0.0,0.0],"x":[0.0,0.0,92.73999786376953]}}
{"car":{"boost":false,"boost_left":43,"dodge_dir":[2.3512056226468525e-38,2.3510604481259484e-38],"dodge_timer":-1.0,"double_jumped":false,"handbrake":false,"jump":true,"jump_timer":-1.0,"jumped":true,"o":[0.025402653962373734,0.999677300453186,0.00024355236382689327,-0.9996313452720642,0.0254038218408823,-0.009584139101207256,-0.009587232954800129,-0.0,0.9999540448188782],"on_ground":false,"pitch":0.0,"roll":0.0,"steer":0.0,"supersonic":false,"throttle":0.0,"time":996.5670166015625,"v":[2.630999803543091,-107.81099700927734,158.97695922851563],"w":[0.0004099999787285924,0.0,0.0],"x":[-615.7672729492188,-2394.66357421875,222.32481384277344],"yaw":0.0},"ball":{"v":[0.0,0.0,0.0],"w":[0.0,0.0,0.0],"x":[0.0,0.0,92.73999786376953]}}
{"car":{"boost":false,"boost_left":43,"dodge_dir":[2.3512056226468525e-38,2.3510604481259484e-38],"dodge_timer":-1.0,"double_jumped":false,"handbrake":false,"jump":true,"jump_timer":-1.0,"jumped":true,"o":[0.025402653962373734,0.999677300453186,0.00024355236382689327,-0.9996313452720642,0.0254038218408823,-0.009584139101207256,-0.009587232954800129,-0.0,0.9999540448188782],"on_ground":false,"pitch":0.0,"roll":0.0,"steer":0.0,"supersonic":false,"throttle":0.0,"time":996.5753784179688,"v":[2.630999803543091,-107.81099700927734,153.5487518310547],"w":[0.0004099999787285924,0.0,0.0],"x":[-615.7471923828125,-2395.56494140625,223.60487365722656],"yaw":0.0},"ball":{"v":[0.0,0.0,0.0],"w":[0.0,0.0,0.0],"x":[0.0,0.0,92.73999786376953]}}
{"car":{"boost":false,"boost_left":43,"dodge_dir":[2.3512056226468525e-38,2.3510604481259484e-38],"dodge_timer":-1.0,"double_jumped":false,"handbrake":false,"jump":true,"jump_timer":-1.0,"jumped":true,"o":[0.025402653962373734,0.999677300453186,0.00024355236382689327,-0.9996313452720642,0.0254038218408823,-0.009584139101207256,-0.009587232954800129,-0.0,0.9999540448188782],"on_ground":false,"pitch":0.0,"roll":0.0,"steer":0.0,"supersonic":false,"throttle":0.0,"time":996.583740234375,"v":[2.630999803543091,-107.81099700927734,148.12054443359375],"w":[0.0004099999787285924,0.0,0.0],"x":[-615.7271728515625,-2396.46630859375,224.84117126464844],"yaw":0.0},"ball":{"v":[0.0,0.0,0.0],"w":[0.0,0.0,0.0],"x":[0.0,0.0,92.73999786376953]}}
{"car":{"boost":false,"boost_left":43,"dodge_dir":[2.3512056226468525e-38,2.3510604481259484e-38],"dodge_timer":-1.0,"double_jumped":false,"handbrake":false,"jump":true,"jump_timer":-1.0,"jumped":true,"o":[0.025402653962373734,0.999677300453186,0.00024355236382689327,-0.9996313452720642,0.0254038218408823,-0.009584139101207256,-0.009587232954800129,-0.0,0.9999540448188782],"on_ground":false,"pitch":0.0,"roll":0.0,"steer":0.0,"supersonic":false,"throttle":0.0,"time":996.5921020507813,"v":[2.630999803543091,-107.81099700927734,142.6923370361328],"w":[0.0004099999787285924,0.0,0.0],"x":[-615.7071533203125,-2397.36767578125,226.0309295654297],"yaw":0.0},"ball":{"v":[0.0,0.0,0.0],"w":[0.0,0.0,0.0],"x":[0.0,0.0,92.73999786376953]}}
{"car":{"boost":false,"boost_left":43,"dodge_dir":[2.3512056226468525e-38,2.3510604481259484e-38],"dodge_timer":-1.0,"double_jumped":false,"handbrake":false,"jump":true,"jump_timer":-1.0,"jumped":true,"o":[0.025402653962373734,0.999677300453186,0.00024355236382689327,-0.9996313452720642,0.0254038218408823,-0.009584139101207256,-0.009587232954800129,-0.0,0.9999540448188782],"on_ground":false,"pitch":0.0,"roll":0.0,"steer":0.0,"supersonic":false,"throttle":0.0,"time":996.6005249023438,"v":[2.630999803543091,-107.81099700927734,137.2643280029297],"w":[0.0004099999787285924,0.0,0.0],"x":[-615.6871337890625,-2398.268798828125,227.1769256591797],"yaw":0.0},"ball":{"v":[0.0,0.0,0.0],"w":[0.0,0.0,0.0],"x":[0.0,0.0,92.73999786376953]}}
