{"boost":false,"boost_left":100,"dodge_dir":[-3944.139892578125,0.00012199999764561653],"dodge_timer":-1.0,"double_jumped":false,"handbrake":false,"jump":false,"jump_timer":-1.0,"jumped":false,"o":[-0.029141515493392944,-0.9995753169059753,0.0,0.9995753169059753,-0.029141515493392944,-0.0,0.0,-0.0,1.0],"on_ground":true,"pitch":0.0,"roll":0.0,"steer":0.0,"supersonic":false,"throttle":0.0,"time":175.08633422851563,"v":[-2.5257577896118164,793.514892578125,-11.892293930053711],"w":[0.0,0.0,0.003907114267349243],"x":[1210.00537109375,9.749271392822266,24.86497688293457],"yaw":0.0}
{"boost":false,"boost_left":100,"dodge_dir":[-3944.139892578125,0.00012199999764561653],"dodge_timer":-1.0,"double_jumped":false,"handbrake":false,"jump":false,"jump_timer":-1.0,"jumped":false,"o":[-0.0309609342366457,-0.9995205402374268,-0.00029387473477981985,0.9994754791259766,-0.030962329357862473,0.009486813098192215,-0.009491363540291786,-0.0,0.9999549388885498],"on_ground":true,"pitch":0.0,"roll":0.0,"steer":0.0,"supersonic":false,"throttle":0.0,"time":175.31961059570313,"v":[-20.797731399536133,687.82275390625,6.829714298248291],"w":[-0.0019690082408487797,-0.00011227717186557129,0.002070395974442363],"x":[-895.6890869140625,158.28575134277344,16.426040649414063],"yaw":0.0}
{"boost":false,"boost_left":100,"dodge_dir":[-3944.139892578125,0.00012199999764561653],"dodge_timer":-1.0,"double_jumped":false,"handbrake":false,"jump":true,"jump_timer":-1.0,"jumped":true,"o":[-0.03096090629696846,-0.9995205402374268,-0.0002968430635519326,0.9994745850563049,-0.030962329357862473,0.009582635946571827,-0.009587232954800129,-0.0,0.9999540448188782],"on_ground":true,"pitch":1.0,"roll":-1.0,"steer":0.0,"supersonic":false,"throttle":0.0,"time":175.32794189453125,"v":[-20.74307632446289,683.442626953125,10.2462158203125],"w":[0.0007538176141679287,0.0,0.0017703865887597203],"x":[-895.8590698242188,164.01730346679688,16.414653778076172],"yaw":-1.0}
{"boost":false,"boost_left":100,"dodge_dir":[-3944.139892578125,0.00012199999764561653],"dodge_timer":-1.0,"double_jumped":false,"handbrake":false,"jump":true,"jump_timer":-1.0,"jumped":true,"o":[-0.03096090629696846,-0.9995205402374268,-0.0002968430635519326,0.9994745850563049,-0.030962329357862473,0.009582635946571827,-0.009587232954800129,-0.0,0.9999540448188782],"on_ground":true,"pitch":1.0,"roll":-1.0,"steer":0.0,"supersonic":false,"throttle":0.0,"time":175.33627319335938,"v":[-20.715652465820313,680.4121704101563,149.01290893554688],"w":[-9.773573401616886e-05,0.0,0.001516918302513659],"x":[-896.0291137695313,169.7228240966797,17.6114444732666],"yaw":-0.390625}
{"boost":false,"boost_left":100,"dodge_dir":[-3944.139892578125,0.00012199999764561653],"dodge_timer":-1.0,"double_jumped":false,"handbrake":false,"jump":true,"jump_timer":-1.0,"jumped":true,"o":[-0.03096090629696846,-0.9995205402374268,-0.0002968430635519326,0.9994745850563049,-0.030962329357862473,0.009582635946571827,-0.009587232954800129,-0.0,0.9999540448188782],"on_ground":true,"pitch":1.0,"roll":-1.0,"steer":0.0,"supersonic":false,"throttle":0.0,"time":175.3446044921875,"v":[-20.683761596679688,677.6380615234375,308.95220947265625],"w":[-0.0003030952939298004,0.0,0.0013169045560061932],"x":[-896.1990966796875,175.4045867919922,20.185583114624023],"yaw":-1.0}
{"boost":false,"boost_left":100,"dodge_dir":[-3944.139892578125,0.00012199999764561653],"dodge_timer":-1.0,"double_jumped":false,"handbrake":false,"jump":true,"jump_timer":-1.0,"jumped":true,"o":[-0.031056702136993408,-0.999517560005188,-0.0002977615222334862,0.9994716048240662,-0.03105812892317772,0.009582608006894588,-0.009587232954800129,-0.0,0.9999540448188782],"on_ground":true,"pitch":1.0,"roll":-1.0,"steer":0.0,"supersonic":false,"throttle":0.0,"time":175.36126708984375,"v":[-20.504440307617188,669.1176147460938,316.99261474609375],"w":[-0.0007031150162220001,0.0,0.0010634424397721887],"x":[-896.5391235351563,186.66256713867188,25.43842887878418],"yaw":-1.0}
{"boost":false,"boost_left":100,"dodge_dir":[-3944.139892578125,0.00012199999764561653],"dodge_timer":-1.0,"double_jumped":false,"handbrake":false,"jump":true,"jump_timer":-1.0,"jumped":true,"o":[-0.031056702136993408,-0.999517560005188,-0.0002977615222334862,0.9994716048240662,-0.03105812892317772,0.009582608006894588,-0.009587232954800129,-0.0,0.9999540448188782],"on_ground":true,"pitch":1.0,"roll":-0.890625,"steer":0.0,"supersonic":false,"throttle":0.0,"time":175.36959838867188,"v":[-20.404434204101563,664.8572998046875,321.01287841796875],"w":[-0.0009031285298988223,0.0,0.0009634356247261167],"x":[-896.7091674804688,192.2389678955078,28.112579345703125],"yaw":-1.0}
{"boost":false,"boost_left":100,"dodge_dir":[-3944.139892578125,0.00012199999764561653],"dodge_timer":-1.0,"double_jumped":false,"handbrake":false,"jump":true,"jump_timer":-1.0,"jumped":true,"o":[-0.030769309028983116,-0.9995260834693909,0.0009625640232115984,0.999484121799469,-0.030759122222661972,0.009237740188837051,-0.009203754365444183,0.001246306230314076,0.9999568462371826],"on_ground":false,"pitch":1.0,"roll":-1.0,"steer":0.0,"supersonic":false,"throttle":0.0,"time":175.38626098632813,"v":[-20.35099983215332,662.7421875,330.315185546875],"w":[0.042682431638240814,0.14991505444049835,-0.03584343194961548],"x":[-897.0491333007813,203.30068969726563,33.57465744018555],"yaw":-1.0}
{"boost":false,"boost_left":100,"dodge_dir":[-3944.139892578125,0.00012199999764561653],"dodge_timer":-1.0,"double_jumped":false,"handbrake":false,"jump":true,"jump_timer":-1.0,"jumped":true,"o":[-0.029811453074216843,-0.9995437860488892,0.0048446618020534515,0.9995246529579163,-0.029772058129310608,0.00800945982336998,-0.007861570455133915,0.005081132519990206,0.9999561905860901],"on_ground":false,"pitch":1.0,"roll":-0.84375,"steer":0.0,"supersonic":false,"throttle":0.0,"time":175.39459228515625,"v":[-20.337026596069336,662.8475341796875,337.045654296875],"w":[0.13673236966133118,0.4658803343772888,-0.11471289396286011],"x":[-897.2191772460938,208.82106018066406,36.38279342651367],"yaw":-1.0}
{"boost":false,"boost_left":100,"dodge_dir":[-3944.139892578125,0.00012199999764561653],"dodge_timer":-1.0,"double_jumped":false,"handbrake":false,"jump":true,"jump_timer":-1.0,"jumped":true,"o":[-0.02607460878789425,-0.9994684457778931,0.019571200013160706,0.9996559023857117,-0.026013175025582314,0.003387119621038437,-0.0028762100264430046,0.01965278387069702,0.9998027682304382],"on_ground":false,"pitch":1.0,"roll":-1.0,"steer":0.0,"supersonic":false,"throttle":0.0,"time":175.4112548828125,"v":[-20.132490158081055,663.0042724609375,350.5060729980469],"w":[0.3274177014827728,1.0116511583328247,-0.2718711793422699],"x":[-897.5591430664063,219.86605834960938,42.16421127319336],"yaw":-1.0}
{"boost":false,"boost_left":100,"dodge_dir":[-3944.139892578125,0.00012199999764561653],"dodge_timer":-1.0,"double_jumped":false,"handbrake":false,"jump":true,"jump_timer":-1.0,"jumped":true,"o":[-0.02310347929596901,-0.9992736577987671,0.030305540189146996,0.9997326135635376,-0.023121921345591545,-0.0002582029555924237,0.0009587378008291125,0.030291471630334854,0.9995406270027161],"on_ground":false,"pitch":1.0,"roll":-0.5390625,"steer":0.0,"supersonic":false,"throttle":0.0,"time":175.41958618164063,"v":[-19.891239166259766,663.040283203125,357.23626708984375],"w":[0.42241379618644714,1.2934490442276,-0.3505735993385315],"x":[-897.7244873046875,225.39622497558594,45.14225387573242],"yaw":-0.890625}
{"boost":false,"boost_left":100,"dodge_dir":[-3944.139892578125,0.00012199999764561653],"dodge_timer":-1.0,"double_jumped":false,"handbrake":false,"jump":true,"jump_timer":-1.0,"jumped":true,"o":[-0.015242430381476879,-0.9982751607894897,0.05669514834880829,0.9998241066932678,-0.01583678647875786,-0.01004885882139206,0.010929395444691181,0.056532006710767746,0.9983409643173218],"on_ground":false,"pitch":1.0,"roll":-1.0,"steer":0.0,"supersonic":false,"throttle":0.0,"time":175.43624877929688,"v":[-18.996782302856445,662.97900390625,370.6820373535156],"w":[0.6164594888687134,1.6794441938400269,-0.4996250867843628],"x":[-898.0445556640625,236.451904296875,51.26369094848633],"yaw":-1.0}
{"boost":false,"boost_left":100,"dodge_dir":[-3944.139892578125,0.00012199999764561653],"dodge_timer":-1.0,"double_jumped":false,"handbrake":false,"jump":true,"jump_timer":-1.0,"jumped":true,"o":[-0.010160980746150017,-0.9972964525222778,0.07277760654687881,0.9998027682304382,-0.011374613270163536,-0.01628090813755989,0.017064707353711128,0.07259781658649445,0.9972152709960938],"on_ground":false,"pitch":1.0,"roll":-0.2265625,"steer":0.0,"supersonic":false,"throttle":0.0,"time":175.444580078125,"v":[-18.302892684936523,662.8563842773438,377.3975830078125],"w":[0.7119089961051941,1.9348528385162354,-0.5784741044044495],"x":[-898.1998901367188,241.9720916748047,54.40708541870117],"yaw":-0.4921875}
{"boost":false,"boost_left":100,"dodge_dir":[-3944.139892578125,0.00012199999764561653],"dodge_timer":-1.0,"double_jumped":false,"handbrake":false,"jump":true,"jump_timer":-1.0,"jumped":true,"o":[0.0015331777976825833,-0.9942444562911987,0.1071241945028305,0.9995014071464539,-0.00185481330845505,-0.031519968062639236,0.0315372496843338,0.1071191132068634,0.9937459230422974],"on_ground":false,"pitch":1.0,"roll":-0.5703125,"steer":0.0,"supersonic":false,"throttle":0.0,"time":175.46124267578125,"v":[-16.317115783691406,662.3624877929688,390.77935791015625],"w":[0.9113906621932983,2.1076643466949463,-0.6700449585914612],"x":[-898.4805908203125,253.01242065429688,60.86320495605469],"yaw":-0.2421875}
{"boost":false,"boost_left":100,"dodge_dir":[-3944.139892578125,0.00012199999764561653],"dodge_timer":-1.0,"double_jumped":false,"handbrake":false,"jump":true,"jump_timer":-1.0,"jumped":true,"o":[0.007951121777296066,-0.9921076893806458,0.12513622641563416,0.999173104763031,0.0028924811631441116,-0.0405549556016922,0.03987292945384979,0.12535521388053894,0.9913102984428406],"on_ground":false,"pitch":1.0,"roll":0.09448818862438202,"steer":0.0,"supersonic":false,"throttle":0.0,"time":175.46957397460938,"v":[-15.009208679199219,661.9758911132813,397.4355773925781],"w":[1.0135869979858398,2.207016944885254,-0.6886581778526306],"x":[-898.6058959960938,258.5279235839844,64.17660522460938],"yaw":-0.0703125}
{"boost":false,"boost_left":100,"dodge_dir":[-3944.139892578125,0.00012199999764561653],"dodge_timer":-1.0,"double_jumped":false,"handbrake":false,"jump":true,"jump_timer":-1.0,"jumped":true,"o":[0.02143690176308155,-0.9868939518928528,0.15994006395339966,0.9980376958847046,0.011710137128829956,-0.06151161715388298,0.05883251875638962,0.1609448343515396,0.9852083921432495],"on_ground":false,"pitch":1.0,"roll":0.007874015718698502,"steer":0.0,"supersonic":false,"throttle":0.0,"time":175.48623657226563,"v":[-11.74869155883789,660.859375,410.65338134765625],"w":[1.2206501960754395,2.0963799953460693,-0.7024503946304321],"x":[-898.8219604492188,269.5436096191406,70.96808624267578],"yaw":0.5433070659637451}
{"boost":false,"boost_left":100,"dodge_dir":[-3944.139892578125,0.00012199999764561653],"dodge_timer":-1.0,"double_jumped":false,"handbrake":false,"jump":true,"jump_timer":-1.0,"jumped":true,"o":[0.028115086257457733,-0.9839804768562317,0.1760452389717102,0.9971889853477478,0.015372289344668388,-0.07333353906869888,0.06945255398750305,0.17761215567588806,0.9816466569900513],"on_ground":false,"pitch":1.0,"roll":0.3700787425041199,"steer":0.0,"supersonic":false,"throttle":0.0,"time":175.49456787109375,"v":[-9.80540657043457,660.1040649414063,417.2049255371094],"w":[1.3286068439483643,2.0069892406463623,-0.6790014505386353],"x":[-898.9026489257813,275.04376220703125,74.44615936279297],"yaw":0.5511810779571533}
{"boost":false,"boost_left":100,"dodge_dir":[-3944.139892578125,0.00012199999764561653],"dodge_timer":-1.0,"double_jumped":false,"handbrake":false,"jump":true,"jump_timer":-1.0,"jumped":true,"o":[0.041321031749248505,-0.9781190752983093,0.20390115678310394,0.9947942495346069,0.02124938741326332,-0.09966347366571426,0.09314996749162674,0.20695790648460388,0.9739052653312683],"on_ground":false,"pitch":1.0,"roll":0.4173228442668915,"steer":0.0,"supersonic":false,"throttle":0.0,"time":175.51123046875,"v":[-5.347446441650391,658.1494750976563,430.17333984375],"w":[1.5411796569824219,1.6604610681533813,-0.6399597525596619],"x":[-899.0039672851563,286.0247802734375,81.56299591064453],"yaw":1.0}
{"boost":false,"boost_left":100,"dodge_dir":[-3944.139892578125,0.00012199999764561653],"dodge_timer":-1.0,"double_jumped":false,"handbrake":false,"jump":true,"jump_timer":-1.0,"jumped":true,"o":[0.04755174741148949,-0.9754323959350586,0.21510574221611023,0.9931948781013489,0.023251589387655258,-0.11411968618631363,0.10631448775529861,0.2190685123205185,0.9699000716209412],"on_ground":false,"pitch":1.0,"roll":0.4724409580230713,"steer":0.0,"supersonic":false,"throttle":0.0,"time":175.51956176757813,"v":[-2.867435932159424,656.93017578125,436.5902404785156],"w":[1.6499431133270264,1.4521647691726685,-0.606043815612793],"x":[-899.0245971679688,291.50030517578125,85.20108032226563],"yaw":0.9212598204612732}
{"boost":false,"boost_left":100,"dodge_dir":[-3944.139892578125,0.00012199999764561653],"dodge_timer":-1.0,"double_jumped":false,"handbrake":false,"jump":true,"jump_timer":-1.0,"jumped":true,"o":[0.053463827818632126,-0.973003625869751,0.2245117425918579,0.991294801235199,0.02462545409798622,-0.1293373852968216,0.12031704187393188,0.22947219014167786,0.9658500552177429],"on_ground":false,"pitch":1.0,"roll":0.6771653294563293,"steer":0.0,"supersonic":false,"throttle":0.0,"time":175.52789306640625,"v":[-0.25513553619384766,655.5361938476563,442.9571228027344],"w":[1.757427453994751,1.2429957389831543,-0.5788852572441101],"x":[-899.0253295898438,296.9658203125,88.8945083618164],"yaw":1.0}
{"boost":false,"boost_left":100,"dodge_dir":[-3944.139892578125,0.00012199999764561653],"dodge_timer":-1.0,"double_jumped":false,"handbrake":false,"jump":false,"jump_timer":-1.0,"jumped":true,"o":[0.05914544314146042,-0.9709341526031494,0.23192384839057922,0.989045262336731,0.025519810616970062,-0.14539021253585815,0.135245680809021,0.23798233270645142,0.961807131767273],"on_ground":false,"pitch":1.0,"roll":0.7007874250411987,"steer":0.0,"supersonic":false,"throttle":0.0,"time":175.53622436523438,"v":[1.1710000038146973,654.740966796875,443.81365966796875],"w":[1.8623250722885132,1.001304030418396,-0.5603222846984863],"x":[-899.0153198242188,302.4259948730469,92.59130859375],"yaw":1.0}
{"boost":false,"boost_left":100,"dodge_dir":[-3944.139892578125,0.00012199999764561653],"dodge_timer":-1.0,"double_jumped":false,"handbrake":false,"jump":false,"jump_timer":-1.0,"jumped":true,"o":[0.06459014862775803,-0.9693418145179749,0.2370748519897461,0.9864218831062317,0.026071052998304367,-0.16214868426322937,0.15099671483039856,0.24432902038097382,0.9578639268875122],"on_ground":false,"pitch":1.0,"roll":0.6535432934761047,"steer":0.0,"supersonic":false,"throttle":0.0,"time":175.5445556640625,"v":[1.1710000038146973,654.740966796875,438.393310546875],"w":[1.9652657508850098,0.7295114398002625,-0.5472664833068848],"x":[-899.00537109375,307.8863525390625,96.24290466308594],"yaw":1.0}
{"boost":false,"boost_left":100,"dodge_dir":[-3944.139892578125,0.00012199999764561653],"dodge_timer":-1.0,"double_jumped":false,"handbrake":false,"jump":false,"jump_timer":-1.0,"jumped":true,"o":[0.07426220178604126,-0.9676435589790344,0.24114537239074707,0.9798538684844971,0.025846872478723526,-0.1980363130569458,0.1853957176208496,0.25099384784698486,0.9500687122344971],"on_ground":false,"pitch":1.0,"roll":0.5354330539703369,"steer":0.0,"supersonic":false,"throttle":0.0,"time":175.56121826171875,"v":[1.1710000038146973,654.740966796875,427.552978515625],"w":[2.172024726867676,0.24553799629211426,-0.5258065462112427],"x":[-898.9853515625,318.8066711425781,103.41114807128906],"yaw":1.0}
{"boost":false,"boost_left":100,"dodge_dir":[-3944.139892578125,0.00012199999764561653],"dodge_timer":-1.0,"double_jumped":false,"handbrake":false,"jump":false,"jump_timer":-1.0,"jumped":true,"o":[0.07847591489553452,-0.9674339890480042,0.2406512051820755,0.9758368730545044,0.025166891515254974,-0.21704602241516113,0.20392125844955444,0.25186920166015625,0.9460327625274658],"on_ground":false,"pitch":1.0,"roll":0.07086613774299622,"steer":0.0,"supersonic":false,"throttle":0.0,"time":175.56954956054688,"v":[1.1710000038146973,654.740966796875,422.1328125],"w":[2.2771880626678467,0.04824768751859665,-0.5136256217956543],"x":[-898.975341796875,324.266845703125,106.92794036865234],"yaw":0.4645669162273407}
{"boost":false,"boost_left":100,"dodge_dir":[-3944.139892578125,0.00012199999764561653],"dodge_timer":-1.0,"double_jumped":true,"handbrake":false,"jump":true,"jump_timer":-1.0,"jumped":true,"o":[0.08638016134500504,-0.9675631523132324,0.23740287125110626,0.9662243127822876,0.023289084434509277,-0.2566479444503784,0.24279417097568512,0.2515537142753601,0.9368947148323059],"on_ground":false,"pitch":0.0,"roll":0.0,"steer":0.0,"supersonic":false,"throttle":0.0,"time":175.58621215820313,"v":[33.580135345458984,621.0629272460938,539.08154296875],"w":[2.4128119945526123,-0.08762361109256744,-0.500398576259613],"x":[-898.6847534179688,334.9026184082031,114.89450073242188],"yaw":0.0}
{"boost":false,"boost_left":100,"dodge_dir":[-3944.139892578125,0.00012199999764561653],"dodge_timer":-1.0,"double_jumped":true,"handbrake":false,"jump":false,"jump_timer":-1.0,"jumped":true,"o":[0.09008505940437317,-0.9676433801651001,0.23569238185882568,0.9609053730964661,0.02223566174507141,-0.27598273754119873,0.26181209087371826,0.25134000182151794,0.9318168759346008],"on_ground":false,"pitch":0.9842519760131836,"roll":0.0,"steer":0.0,"supersonic":false,"throttle":0.0,"time":175.59454345703125,"v":[70.64099884033203,582.5509643554688,679.792236328125],"w":[2.355163335800171,-0.08577020466327667,-0.4874381422996521],"x":[-898.0947265625,339.7527770996094,120.56134796142578],"yaw":0.19685038924217224}
{"boost":false,"boost_left":100,"dodge_dir":[-3944.139892578125,0.00012199999764561653],"dodge_timer":-1.0,"double_jumped":true,"handbrake":false,"jump":false,"jump_timer":-1.0,"jumped":true,"o":[0.09739790856838226,-0.9678647518157959,0.23184359073638916,0.9487820863723755,0.0199500173330307,-0.3153008222579956,0.30054324865341187,0.250678688287735,0.920235812664032],"on_ground":false,"pitch":1.0,"roll":0.0,"steer":0.0,"supersonic":false,"throttle":0.0,"time":175.6112060546875,"v":[70.64099884033203,582.5509643554688,668.951904296875],"w":[2.477423906326294,-0.09800250828266144,-0.48735737800598145],"x":[-896.9146728515625,349.45306396484375,131.75970458984375],"yaw":0.5748031735420227}
{"boost":false,"boost_left":100,"dodge_dir":[-3944.139892578125,0.00012199999764561653],"dodge_timer":-1.0,"double_jumped":true,"handbrake":false,"jump":false,"jump_timer":-1.0,"jumped":true,"o":[0.10087042301893234,-0.968009352684021,0.22974562644958496,0.9417074918746948,0.018400780856609344,-0.33592936396598816,0.3209552466869354,0.25023847818374634,0.9134377241134644],"on_ground":false,"pitch":0.5669291019439697,"roll":0.0,"steer":0.0,"supersonic":false,"throttle":0.0,"time":175.61953735351563,"v":[70.64099884033203,582.5509643554688,663.5317993164063],"w":[2.587780714035034,-0.11352962255477905,-0.4741903245449066],"x":[-896.3246459960938,354.3031921386719,137.29119873046875],"yaw":0.15748031437397003}
{"boost":false,"boost_left":100,"dodge_dir":[-3944.139892578125,0.00012199999764561653],"dodge_timer":-1.0,"double_jumped":true,"handbrake":false,"jump":false,"jump_timer":-1.0,"jumped":true,"o":[0.10739929229021072,-0.9684101939201355,0.22504891455173492,0.9254994988441467,0.014689147472381592,-0.3784637749195099,0.36320242285728455,0.24892942607402802,0.8978407979011536],"on_ground":false,"pitch":1.0,"roll":-0.0078125,"steer":0.0,"supersonic":false,"throttle":0.0,"time":175.63619995117188,"v":[70.64099884033203,582.5509643554688,652.69140625],"w":[2.7297208309173584,-0.13187050819396973,-0.4627096652984619],"x":[-895.1445922851563,364.0035095214844,148.21954345703125],"yaw":0.5196850299835205}
{"boost":false,"boost_left":100,"dodge_dir":[-3944.139892578125,0.00012199999764561653],"dodge_timer":-1.0,"double_jumped":true,"handbrake":false,"jump":false,"jump_timer":-1.0,"jumped":true,"o":[0.1104239746928215,-0.9686739444732666,0.22243498265743256,0.9162558317184448,0.012505784630775452,-0.400398313999176,0.3850736916065216,0.2480209320783615,0.8889341354370117],"on_ground":false,"pitch":0.26771652698516846,"roll":0.0,"steer":0.0,"supersonic":false,"throttle":0.0,"time":175.64453125,"v":[70.64099884033203,582.5509643554688,647.271240234375],"w":[2.838977336883545,-0.14535094797611237,-0.45394274592399597],"x":[-894.5546264648438,368.8536682128906,153.61636352539063],"yaw":-0.046875}
{"boost":false,"boost_left":100,"dodge_dir":[-3944.139892578125,0.00012199999764561653],"dodge_timer":-1.0,"double_jumped":true,"handbrake":false,"jump":false,"jump_timer":-1.0,"jumped":true,"o":[0.11328147351741791,-0.9689260125160217,0.2198856920003891,0.9063006639480591,0.010075531899929047,-0.42251333594322205,0.4071686863899231,0.24714548885822296,0.8792796730995178],"on_ground":false,"pitch":0.4409448802471161,"roll":-0.015625,"steer":0.0,"supersonic":false,"throttle":0.0,"time":175.65286254882813,"v":[70.64099884033203,582.5509643554688,641.85107421875],"w":[2.8857274055480957,-0.15112298727035522,-0.45011013746261597],"x":[-893.964599609375,373.70379638671875,158.96319580078125],"yaw":0.10236220061779022}
{"boost":false,"boost_left":100,"dodge_dir":[-3944.139892578125,0.00012199999764561653],"dodge_timer":-1.0,"double_jumped":true,"handbrake":false,"jump":false,"jump_timer":-1.0,"jumped":true,"o":[0.11616771668195724,-0.9691886305809021,0.21720612049102783,0.8958731293678284,0.007820643484592438,-0.44424107670783997,0.42885467410087585,0.24619558453559875,0.8691785931587219],"on_ground":false,"pitch":0.28346455097198486,"roll":-0.0078125,"steer":0.0,"supersonic":false,"throttle":0.0,"time":175.66119384765625,"v":[70.64099884033203,582.5509643554688,636.430908203125],"w":[2.8763442039489746,-0.14804963767528534,-0.4493228793144226],"x":[-893.3745727539063,378.553955078125,164.2646942138672],"yaw":-0.109375}
{"boost":false,"boost_left":100,"dodge_dir":[-3944.139892578125,0.00012199999764561653],"dodge_timer":-1.0,"double_jumped":true,"handbrake":false,"jump":false,"jump_timer":-1.0,"jumped":true,"o":[0.11897669732570648,-0.9694697260856628,0.21441307663917542,0.8849168419837952,0.005599968135356903,-0.4657154381275177,0.4502963125705719,0.24514701962471008,0.8585663437843323],"on_ground":false,"pitch":0.17322835326194763,"roll":-0.0078125,"steer":0.0,"supersonic":false,"throttle":0.0,"time":175.66952514648438,"v":[70.64099884033203,582.5509643554688,631.0107421875],"w":[2.870199680328369,-0.14301541447639465,-0.44979748129844666],"x":[-892.7845458984375,383.40411376953125,169.52151489257813],"yaw":-0.265625}
{"boost":false,"boost_left":100,"dodge_dir":[-3944.139892578125,0.00012199999764561653],"dodge_timer":-1.0,"double_jumped":true,"handbrake":false,"jump":false,"jump_timer":-1.0,"jumped":true,"o":[0.12472932785749435,-0.9699743986129761,0.2087876945734024,0.8619109988212585,0.0016890913248062134,-0.5070567727088928,0.49147942662239075,0.24320125579833984,0.8362423181533813],"on_ground":false,"pitch":0.06299212574958801,"roll":0.0,"steer":0.0,"supersonic":false,"throttle":0.0,"time":175.68618774414063,"v":[70.64099884033203,582.5509643554688,620.17041015625],"w":[2.7860491275787354,-0.117726169526577,-0.46938687562942505],"x":[-891.6045532226563,393.10443115234375,179.89981079101563],"yaw":-0.4296875}
{"boost":false,"boost_left":100,"dodge_dir":[-3944.139892578125,0.00012199999764561653],"dodge_timer":-1.0,"double_jumped":true,"handbrake":false,"jump":false,"jump_timer":-1.0,"jumped":true,"o":[0.127833291888237,-0.9701351523399353,0.2061464637517929,0.8499879240989685,6.0170888900756836e-05,-0.5268020629882813,0.5110568404197693,0.242564857006073,0.8246109485626221],"on_ground":false,"pitch":-0.6953125,"roll":0.0,"steer":0.0,"supersonic":false,"throttle":0.0,"time":175.69451904296875,"v":[70.64099884033203,582.5509643554688,614.750244140625],"w":[2.7236008644104004,-0.10043887794017792,-0.48504728078842163],"x":[-891.0144653320313,397.9545593261719,185.0212860107422],"yaw":-0.3671875}
{"boost":false,"boost_left":100,"dodge_dir":[-3944.139892578125,0.00012199999764561653],"dodge_timer":-1.0,"double_jumped":true,"handbrake":false,"jump":false,"jump_timer":-1.0,"jumped":true,"o":[0.1341221034526825,-0.9704667329788208,0.20051291584968567,0.8259919285774231,-0.002308979630470276,-0.563677191734314,0.5474929809570313,0.24122363328933716,0.8012880682945251],"on_ground":false,"pitch":-0.7265625,"roll":0.0,"steer":0.0,"supersonic":false,"throttle":0.0,"time":175.711181640625,"v":[70.64099884033203,582.5509643554688,603.909912109375],"w":[2.549438953399658,-0.065990149974823,-0.4997260570526123],"x":[-889.83447265625,407.65484619140625,195.12957763671875],"yaw":-0.484375}
{"boost":true,"boost_left":100,"dodge_dir":[-3944.139892578125,0.00012199999764561653],"dodge_timer":-1.0,"double_jumped":true,"handbrake":false,"jump":false,"jump_timer":-1.0,"jumped":true,"o":[0.1373172402381897,-0.9705733060836792,0.19781656563282013,0.8140642046928406,-0.003194093704223633,-0.5807660818099976,0.5643079280853271,0.24078458547592163,0.7896704077720642],"on_ground":false,"pitch":-0.96875,"roll":0.0,"steer":0.0,"supersonic":false,"throttle":0.0,"time":175.71951293945313,"v":[70.64099884033203,582.5509643554688,598.48974609375],"w":[2.451962947845459,-0.04520270973443985,-0.5080928206443787],"x":[-889.2444458007813,412.5050048828125,200.11639404296875],"yaw":-0.15625}
{"boost":true,"boost_left":100,"dodge_dir":[-3944.139892578125,0.00012199999764561653],"dodge_timer":-1.0,"double_jumped":true,"handbrake":false,"jump":false,"jump_timer":-1.0,"jumped":true,"o":[0.1437581479549408,-0.9707333445549011,0.1923806071281433,0.790644109249115,-0.004250064492225647,-0.6122612953186035,0.5951601266860962,0.24012212455272675,0.7668936252593994],"on_ground":false,"pitch":-0.9921875,"roll":0.0,"steer":0.0,"supersonic":false,"throttle":0.0,"time":175.73617553710938,"v":[72.37484741210938,592.4998168945313,594.8035278320313],"w":[2.249721050262451,-0.02289973758161068,-0.4924182891845703],"x":[-888.0450439453125,422.32135009765625,210.0366973876953],"yaw":-0.1953125}
{"boost":true,"boost_left":100,"dodge_dir":[-3944.139892578125,0.00012199999764561653],"dodge_timer":-1.0,"double_jumped":true,"handbrake":false,"jump":false,"jump_timer":-1.0,"jumped":true,"o":[0.14679157733917236,-0.9707628488540649,0.18992526829242706,0.7792786359786987,-0.004766285419464111,-0.6266594529151917,0.6092430353164673,0.23999303579330444,0.7557951211929321],"on_ground":false,"pitch":-0.9609375,"roll":0.0,"steer":0.0,"supersonic":false,"throttle":0.0,"time":175.7445068359375,"v":[73.6388931274414,599.4686889648438,594.63427734375],"w":[2.1461644172668457,-0.014052752405405045,-0.4798777401447296],"x":[-887.4303588867188,427.3195495605469,214.99217224121094],"yaw":-0.046875}
{"boost":true,"boost_left":100,"dodge_dir":[-3944.139892578125,0.00012199999764561653],"dodge_timer":-1.0,"double_jumped":true,"handbrake":false,"jump":false,"jump_timer":-1.0,"jumped":true,"o":[0.15256355702877045,-0.9708123207092285,0.18506167829036713,0.7574954032897949,-0.005403116345405579,-0.6528181433677673,0.634763777256012,0.23977963626384735,0.734561562538147],"on_ground":false,"pitch":-0.875,"roll":0.0,"steer":0.0,"supersonic":false,"throttle":0.0,"time":175.76116943359375,"v":[76.25233459472656,613.1103515625,594.6616821289063],"w":[1.9466954469680786,-0.005821628961712122,-0.44360753893852234],"x":[-886.1709594726563,437.4812316894531,224.9071502685547],"yaw":-0.078125}
{"boost":true,"boost_left":100,"dodge_dir":[-3944.139892578125,0.00012199999764561653],"dodge_timer":-1.0,"double_jumped":true,"handbrake":false,"jump":false,"jump_timer":-1.0,"jumped":true,"o":[0.15523435175418854,-0.9708336591720581,0.18271362781524658,0.7470442652702332,-0.005656972527503967,-0.6647502183914185,0.6463955044746399,0.2396872341632843,0.7243775725364685],"on_ground":false,"pitch":-0.875,"roll":0.0,"steer":0.0,"supersonic":false,"throttle":0.0,"time":175.76950073242188,"v":[77.59171295166016,619.7885131835938,594.83837890625],"w":[1.851332664489746,-0.002421522978693247,-0.4254069924354553],"x":[-885.5263061523438,442.644775390625,229.86729431152344],"yaw":-0.0234375}
{"boost":true,"boost_left":100,"dodge_dir":[-3944.139892578125,0.00012199999764561653],"dodge_timer":-1.0,"double_jumped":true,"handbrake":false,"jump":false,"jump_timer":-1.0,"jumped":true,"o":[0.157723531126976,-0.9708778858184814,0.18033131957054138,0.7370030879974365,-0.005805864930152893,-0.6758643984794617,0.6572288274765015,0.23950445652008057,0.714624285697937],"on_ground":false,"pitch":-0.7578125,"roll":0.0,"steer":0.0,"supersonic":false,"throttle":0.0,"time":175.77783203125,"v":[78.95577239990234,626.3766479492188,595.1151123046875],"w":[1.7566436529159546,-0.00032498978544026613,-0.4057580232620239],"x":[-884.87158203125,447.8629455566406,234.82745361328125],"yaw":-0.046875}
{"boost":true,"boost_left":100,"dodge_dir":[-3944.139892578125,0.00012199999764561653],"dodge_timer":-1.0,"double_jumped":true,"handbrake":false,"jump":false,"jump_timer":-1.0,"jumped":true,"o":[0.16009248793125153,-0.9708994030952454,0.17811435461044312,0.7272617816925049,-0.005991116166114807,-0.6863340139389038,0.6674283742904663,0.23941268026828766,0.7051389217376709],"on_ground":false,"pitch":-0.734375,"roll":0.0,"steer":0.0,"supersonic":false,"throttle":0.0,"time":175.78616333007813,"v":[80.34521484375,632.8750610351563,595.4871826171875],"w":[1.6658083200454712,0.0008458087686449289,-0.3858584761619568],"x":[-884.2022094726563,453.1366882324219,239.7877960205078],"yaw":-0.0390625}
{"boost":true,"boost_left":100,"dodge_dir":[-3944.139892578125,0.00012199999764561653],"dodge_timer":-1.0,"double_jumped":true,"handbrake":false,"jump":false,"jump_timer":-1.0,"jumped":true,"o":[0.1622995138168335,-0.9709075689315796,0.1760610193014145,0.7179213762283325,-0.006218031048774719,-0.6960964202880859,0.6769399642944336,0.2393740713596344,0.696026086807251],"on_ground":false,"pitch":-0.7265625,"roll":0.0,"steer":0.0,"supersonic":false,"throttle":0.0,"time":175.79449462890625,"v":[81.75460052490234,639.287841796875,595.9492797851563],"w":[1.5796869993209839,0.0024642604403197765,-0.3675578832626343],"x":[-883.5175170898438,458.4648742675781,244.75262451171875],"yaw":-0.0390625}
{"boost":true,"boost_left":100,"dodge_dir":[-3944.139892578125,0.00012199999764561653],"dodge_timer":-1.0,"double_jumped":true,"handbrake":false,"jump":false,"jump_timer":-1.0,"jumped":true,"o":[0.1663988083600998,-0.9708998799324036,0.17223452031612396,0.7003737688064575,-0.0065818727016448975,-0.7137459516525269,0.6941094994544983,0.23939502239227295,0.6788976192474365],"on_ground":false,"pitch":-0.7265625,"roll":0.0,"steer":0.0,"supersonic":false,"throttle":0.0,"time":175.8111572265625,"v":[84.63338470458984,651.8634643554688,597.1241455078125],"w":[1.4114763736724854,0.005077390465885401,-0.33111003041267395],"x":[-882.1181030273438,469.2819519042969,254.69760131835938],"yaw":-0.03125}
{"boost":true,"boost_left":100,"dodge_dir":[-3944.139892578125,0.00012199999764561653],"dodge_timer":-1.0,"double_jumped":true,"handbrake":false,"jump":false,"jump_timer":-1.0,"jumped":true,"o":[0.1682523787021637,-0.9709270596504211,0.17026950418949127,0.6922203302383423,-0.006600171327590942,-0.7216560244560242,0.701799213886261,0.23928435146808624,0.6709849834442139],"on_ground":false,"pitch":-0.8515625,"roll":0.0,"steer":0.0,"supersonic":false,"throttle":0.0,"time":175.81948852539063,"v":[86.09810638427734,658.0362548828125,597.8268432617188],"w":[1.3284542560577393,0.006077420897781849,-0.312756210565567],"x":[-881.4034423828125,474.7654724121094,259.68243408203125],"yaw":-0.0078125}
{"boost":true,"boost_left":100,"dodge_dir":[-3944.139892578125,0.00012199999764561653],"dodge_timer":-1.0,"double_jumped":true,"handbrake":false,"jump":false,"jump_timer":-1.0,"jumped":true,"o":[0.17151199281215668,-0.9709275364875793,0.16698290407657623,0.6772712469100952,-0.006889626383781433,-0.7357010841369629,0.7154629230499268,0.2392742782831192,0.656399667263031],"on_ground":false,"pitch":-0.7734375,"roll":0.0,"steer":0.0,"supersonic":false,"throttle":0.0,"time":175.83615112304688,"v":[89.07221984863281,670.1658325195313,599.4229736328125],"w":[1.1540206670761108,0.006590489763766527,-0.2723408341407776],"x":[-879.9293823242188,485.882568359375,269.6673889160156],"yaw":-0.0234375}
{"boost":true,"boost_left":100,"dodge_dir":[-3944.139892578125,0.00012199999764561653],"dodge_timer":-1.0,"double_jumped":true,"handbrake":false,"jump":false,"jump_timer":-1.0,"jumped":true,"o":[0.17301315069198608,-0.9709124565124512,0.16551604866981506,0.6704887747764587,-0.00699421763420105,-0.7418867349624634,0.7214646339416504,0.23933279514312744,0.6497757434844971],"on_ground":false,"pitch":-0.84375,"roll":0.0,"steer":0.0,"supersonic":false,"throttle":0.0,"time":175.844482421875,"v":[90.58161926269531,676.1380004882813,600.3110961914063],"w":[1.0693517923355103,0.0071905083023011684,-0.25298699736595154],"x":[-879.1746826171875,491.51611328125,274.6722412109375],"yaw":-0.0078125}
{"boost":true,"boost_left":100,"dodge_dir":[-3944.139892578125,0.00012199999764561653],"dodge_timer":-1.0,"double_jumped":true,"handbrake":false,"jump":false,"jump_timer":-1.0,"jumped":true,"o":[0.1755891889333725,-0.97090744972229,0.1628100723028183,0.658505380153656,-0.007101699709892273,-0.7525424957275391,0.7318053841590881,0.2393496334552765,0.638100802898407],"on_ground":false,"pitch":-0.7734375,"roll":0.0,"steer":0.0,"supersonic":false,"throttle":0.0,"time":175.86114501953125,"v":[93.64106750488281,687.9069213867188,602.2431640625],"w":[0.8963142037391663,0.007156757637858391,-0.21229226887226105],"x":[-877.630615234375,502.9332275390625,284.6972351074219],"yaw":-0.015625}
{"boost":true,"boost_left":100,"dodge_dir":[-3944.139892578125,0.00012199999764561653],"dodge_timer":-1.0,"double_jumped":true,"handbrake":false,"jump":false,"jump_timer":-1.0,"jumped":true,"o":[0.17665621638298035,-0.9709235429763794,0.16155527532100677,0.6531907320022583,-0.007140561938285828,-0.7571597099304199,0.7362977862358093,0.23928339779376984,0.6329367756843567],"on_ground":false,"pitch":-0.8203125,"roll":0.0,"steer":0.0,"supersonic":false,"throttle":0.0,"time":175.86947631835938,"v":[95.18584442138672,693.7139282226563,603.2766723632813],"w":[0.8131423592567444,0.0072567639872431755,-0.1928377002477646],"x":[-876.8358764648438,508.7170104980469,289.72222900390625],"yaw":-0.0078125}
{"boost":true,"boost_left":100,"dodge_dir":[-3944.139892578125,0.00012199999764561653],"dodge_timer":-1.0,"double_jumped":true,"handbrake":false,"jump":false,"jump_timer":-1.0,"jumped":true,"o":[0.17850147187709808,-0.9709039330482483,0.1596333235502243,0.6443003416061401,-0.007280901074409485,-0.7647378444671631,0.7436492443084717,0.23935863375663757,0.6242541074752808],"on_ground":false,"pitch":-0.765625,"roll":0.0,"steer":0.0,"supersonic":false,"throttle":0.0,"time":175.88613891601563,"v":[98.3052978515625,705.1821899414063,605.4547729492188],"w":[0.6447855234146118,0.007056770380586386,-0.15297682583332062],"x":[-875.2117919921875,520.41943359375,299.8019104003906],"yaw":-0.015625}
{"boost":true,"boost_left":100,"dodge_dir":[-3944.139892578125,0.00012199999764561653],"dodge_timer":-1.0,"double_jumped":true,"handbrake":false,"jump":false,"jump_timer":-1.0,"jumped":true,"o":[0.1792445033788681,-0.9708977937698364,0.15883615612983704,0.6405337452888489,-0.007371813058853149,-0.7678946256637573,0.7467181086540222,0.2393808215856552,0.6205714344978333],"on_ground":false,"pitch":-0.7109375,"roll":0.0,"steer":0.0,"supersonic":false,"throttle":0.0,"time":175.89447021484375,"v":[99.8753433227539,710.8583374023438,606.5888671875],"w":[0.5636701583862305,0.007156773470342159,-0.1339230090379715],"x":[-874.3770751953125,526.343017578125,304.8567199707031],"yaw":0.0}
{"boost":true,"boost_left":100,"dodge_dir":[-3944.139892578125,0.00012199999764561653],"dodge_timer":-1.0,"double_jumped":true,"handbrake":false,"jump":false,"jump_timer":-1.0,"jumped":true,"o":[0.17993851006031036,-0.9708895683288574,0.15809930860996246,0.6373589634895325,-0.007349103689193726,-0.7705318927764893,0.7492634057998657,0.23941439390182495,0.6174828410148621],"on_ground":false,"pitch":-0.7265625,"roll":0.0,"steer":0.0,"supersonic":false,"throttle":0.0,"time":175.90280151367188,"v":[101.4500732421875,716.5045166015625,607.7529296875],"w":[0.4853403568267822,0.006882563233375549,-0.11520308256149292],"x":[-873.5323486328125,532.3165893554688,309.92156982421875],"yaw":-0.015625}
{"boost":true,"boost_left":100,"dodge_dir":[-3944.139892578125,0.00012199999764561653],"dodge_timer":-1.0,"double_jumped":true,"handbrake":false,"jump":false,"jump_timer":-1.0,"jumped":true,"o":[0.18049125373363495,-0.9708744287490845,0.15756148099899292,0.6346601843833923,-0.007422089576721191,-0.7727556824684143,0.7514182329177856,0.2394736409187317,0.6148357391357422],"on_ground":false,"pitch":-0.703125,"roll":0.0,"steer":0.0,"supersonic":false,"throttle":0.0,"time":175.9111328125,"v":[103.03485870361328,722.120849609375,608.9423828125],"w":[0.4094673991203308,0.00660356692969799,-0.09703575074672699],"x":[-872.6729125976563,538.335693359375,314.99658203125],"yaw":-0.015625}
{"boost":true,"boost_left":100,"dodge_dir":[-3944.139892578125,0.00012199999764561653],"dodge_timer":-1.0,"double_jumped":true,"handbrake":false,"jump":false,"jump_timer":-1.0,"jumped":true,"o":[0.18131861090660095,-0.9708800911903381,0.15657411515712738,0.630669355392456,-0.007366567850112915,-0.7760167121887207,0.7545725703239441,0.2394527792930603,0.6109685897827148],"on_ground":false,"pitch":-0.6796875,"roll":0.0,"steer":0.0,"supersonic":false,"throttle":0.0,"time":175.92779541015625,"v":[106.21495819091797,733.282470703125,611.37646484375],"w":[0.2617425322532654,0.007003579288721085,-0.06244291365146637],"x":[-870.91357421875,550.5128784179688,325.1762390136719],"yaw":-0.015625}
{"boost":true,"boost_left":100,"dodge_dir":[-3944.139892578125,0.00012199999764561653],"dodge_timer":-1.0,"double_jumped":true,"handbrake":false,"jump":false,"jump_timer":-1.0,"jumped":true,"o":[0.18156175315380096,-0.9708467125892639,0.1564989984035492,0.6294693350791931,-0.007529944181442261,-0.7769888639450073,0.7555155158042908,0.23958276212215424,0.6097511053085327],"on_ground":false,"pitch":-0.3203125,"roll":0.0,"steer":0.0,"supersonic":false,"throttle":0.0,"time":175.93612670898438,"v":[107.80967712402344,738.8379516601563,612.6111450195313],"w":[0.19092108309268951,0.007203585468232632,-0.04588918760418892],"x":[-870.01416015625,556.6717529296875,330.2810974121094],"yaw":-0.0078125}
{"boost":true,"boost_left":100,"dodge_dir":[-3944.139892578125,0.00012199999764561653],"dodge_timer":-1.0,"double_jumped":true,"handbrake":false,"jump":false,"jump_timer":-1.0,"jumped":true,"o":[0.18200276792049408,-0.9708346128463745,0.15606161952018738,0.6278324723243713,-0.007413774728775024,-0.778313159942627,0.7567703127861023,0.23963572084903717,0.6081721782684326],"on_ground":false,"pitch":-0.2734375,"roll":0.0,"steer":0.0,"supersonic":false,"throttle":0.0,"time":175.95278930664063,"v":[111.00978088378906,749.923583984375,615.1058959960938],"w":[0.10441712290048599,0.007543994579464197,-0.025868069380521774],"x":[-868.1747436523438,569.124267578125,340.5207824707031],"yaw":-0.015625}
